 Au fcc                                                           Feff 8.40
 POT  Non-SCF, core-hole, AFOLP (folp(0)= 1.150)
 Abs   Z=79 Rmt= 1.550 Rnm= 1.593 L3 shell
 Pot 1 Z=79 Rmt= 1.528 Rnm= 1.567
 Gam_ch=5.284E+00 H-L exch
 Mu=-4.795E-01 kf=1.866E+00 Vint=-1.374E+01 Rs_int= 1.944
 PATH  Rmax= 7.000,  Keep_limit= 0.00, Heap_limit 0.00  Pwcrit= 2.50%
 Path   10      icalc       2
 -----------------------------------------------------------------------
   3  24.000   5.7558    2.9622   -0.47951 nleg, deg, reff, rnrmav(bohr), edge
        x         y         z   pot at#
     0.0000    0.0000    0.0000  0  79 Au       absorbing atom
     0.0000    4.0700    4.0700  1  79 Au    
     0.0000    2.0350    2.0350  1  79 Au    
    k   real[2*phc]   mag[feff]  phase[feff] red factor   lambda     real[p]@#
  0.000  1.1962E+01  5.4188E-05 -1.4154E+01  1.089E+00  5.4075E+00  1.8749E+00
  0.100  1.1960E+01  7.3745E-02 -1.5283E+01  1.089E+00  5.4148E+00  1.8775E+00
  0.200  1.1957E+01  1.4617E-01 -1.6363E+01  1.088E+00  5.4364E+00  1.8851E+00
  0.300  1.1951E+01  2.1610E-01 -1.7397E+01  1.088E+00  5.4718E+00  1.8977E+00
  0.400  1.1943E+01  2.8263E-01 -1.8385E+01  1.087E+00  5.5196E+00  1.9152E+00
  0.500  1.1933E+01  3.4520E-01 -1.9327E+01  1.085E+00  5.5784E+00  1.9375E+00
  0.600  1.1920E+01  4.0358E-01 -2.0226E+01  1.084E+00  5.6462E+00  1.9644E+00
  0.700  1.1906E+01  4.5786E-01 -2.1082E+01  1.083E+00  5.7208E+00  1.9959E+00
  0.800  1.1889E+01  5.0824E-01 -2.1895E+01  1.081E+00  5.7997E+00  2.0317E+00
  0.900  1.1871E+01  5.5532E-01 -2.2666E+01  1.080E+00  5.8802E+00  2.0716E+00
  1.000  1.1852E+01  5.9947E-01 -2.3396E+01  1.079E+00  5.9597E+00  2.1157E+00
  1.100  1.1830E+01  6.4108E-01 -2.4086E+01  1.078E+00  6.0356E+00  2.1636E+00
  1.200  1.1807E+01  6.8044E-01 -2.4735E+01  1.077E+00  6.1058E+00  2.2153E+00
  1.300  1.1783E+01  7.1768E-01 -2.5344E+01  1.076E+00  6.1682E+00  2.2707E+00
  1.400  1.1757E+01  7.5279E-01 -2.5912E+01  1.076E+00  6.2217E+00  2.3296E+00
  1.500  1.1729E+01  7.8557E-01 -2.6438E+01  1.075E+00  6.2658E+00  2.3922E+00
  1.600  1.1700E+01  8.1574E-01 -2.6922E+01  1.076E+00  6.3008E+00  2.4583E+00
  1.700  1.1669E+01  8.4292E-01 -2.7362E+01  1.076E+00  6.3284E+00  2.5280E+00
  1.800  1.1637E+01  8.6672E-01 -2.7755E+01  1.077E+00  6.3515E+00  2.6013E+00
  1.900  1.1602E+01  8.8677E-01 -2.8101E+01  1.079E+00  6.3741E+00  2.6783E+00
  2.000  1.1564E+01  9.0286E-01 -2.8394E+01  1.081E+00  6.4019E+00  2.7593E+00
  2.200  1.1470E+01  9.0233E-01 -2.8743E+01  1.078E+00  6.5123E+00  2.9409E+00
  2.400  1.1354E+01  1.0539E+00 -2.9025E+01  1.182E+00  4.9317E+00  3.1306E+00
  2.600  1.1356E+01  1.1724E+00 -2.9648E+01  1.230E+00  4.3819E+00  3.2654E+00
  2.800  1.1358E+01  1.2926E+00 -3.0195E+01  1.256E+00  4.1416E+00  3.4006E+00
  3.000  1.1341E+01  1.3972E+00 -3.0621E+01  1.262E+00  4.0511E+00  3.5457E+00
  3.200  1.1310E+01  1.4873E+00 -3.0984E+01  1.261E+00  4.0436E+00  3.6969E+00
  3.400  1.1270E+01  1.5527E+00 -3.1310E+01  1.255E+00  4.0886E+00  3.8536E+00
  3.600  1.1219E+01  1.5587E+00 -3.1613E+01  1.243E+00  4.1702E+00  4.0151E+00
  3.800  1.1160E+01  1.5326E+00 -3.1904E+01  1.231E+00  4.2792E+00  4.1810E+00
  4.000  1.1093E+01  1.4442E+00 -3.2177E+01  1.214E+00  4.4096E+00  4.3508E+00
  4.200  1.1020E+01  1.3325E+00 -3.2440E+01  1.198E+00  4.5574E+00  4.5238E+00
  4.400  1.0942E+01  1.1936E+00 -3.2692E+01  1.181E+00  4.7197E+00  4.6998E+00
  4.600  1.0861E+01  1.0413E+00 -3.2941E+01  1.165E+00  4.8944E+00  4.8784E+00
  4.800  1.0777E+01  8.7657E-01 -3.3193E+01  1.149E+00  5.0800E+00  5.0592E+00
  5.000  1.0691E+01  7.1829E-01 -3.3473E+01  1.135E+00  5.2751E+00  5.2420E+00
  5.200  1.0605E+01  5.6306E-01 -3.3808E+01  1.121E+00  5.4788E+00  5.4265E+00
  5.400  1.0519E+01  4.4576E-01 -3.4249E+01  1.108E+00  5.6903E+00  5.6125E+00
  5.600  1.0432E+01  3.9525E-01 -3.4807E+01  1.096E+00  5.9088E+00  5.7998E+00
  5.800  1.0345E+01  4.2875E-01 -3.5352E+01  1.085E+00  6.1339E+00  5.9883E+00
  6.000  1.0258E+01  5.1730E-01 -3.5751E+01  1.074E+00  6.3649E+00  6.1779E+00
  6.500  1.0039E+01  7.7549E-01 -3.6281E+01  1.048E+00  6.9665E+00  6.6555E+00
  7.000  9.8197E+00  9.4729E-01 -3.6544E+01  1.024E+00  7.5984E+00  7.1375E+00
  7.500  9.6029E+00  1.0134E+00 -3.6707E+01  1.003E+00  8.2569E+00  7.6227E+00
  8.000  9.3891E+00  1.0018E+00 -3.6804E+01  9.846E-01  8.9393E+00  8.1105E+00
  8.500  9.1781E+00  9.3971E-01 -3.6840E+01  9.703E-01  9.6434E+00  8.6002E+00
  9.000  8.9704E+00  8.5698E-01 -3.6820E+01  9.585E-01  1.0367E+01  9.0915E+00
  9.500  8.7678E+00  7.7824E-01 -3.6746E+01  9.487E-01  1.1110E+01  9.5840E+00
 10.000  8.5719E+00  7.2357E-01 -3.6626E+01  9.411E-01  1.1869E+01  1.0078E+01
 11.000  8.1988E+00  7.2755E-01 -3.6337E+01  9.313E-01  1.3436E+01  1.1067E+01
 12.000  7.8468E+00  8.4363E-01 -3.6159E+01  9.250E-01  1.5060E+01  1.2059E+01
 13.000  7.5179E+00  9.8916E-01 -3.6121E+01  9.217E-01  1.6736E+01  1.3052E+01
 14.000  7.2078E+00  1.1077E+00 -3.6173E+01  9.201E-01  1.8459E+01  1.4047E+01
 15.000  6.9168E+00  1.1712E+00 -3.6273E+01  9.195E-01  2.0226E+01  1.5042E+01
 16.000  6.6430E+00  1.1757E+00 -3.6390E+01  9.196E-01  2.2032E+01  1.6039E+01
 17.000  6.3847E+00  1.1487E+00 -3.6507E+01  9.190E-01  2.3876E+01  1.7036E+01
 18.000  6.1402E+00  1.1122E+00 -3.6629E+01  9.180E-01  2.5754E+01  1.8033E+01
 19.000  5.9061E+00  1.0657E+00 -3.6758E+01  9.175E-01  2.7665E+01  1.9031E+01
 20.000  5.6831E+00  1.0123E+00 -3.6899E+01  9.176E-01  2.9605E+01  2.0029E+01
