# Gold Foil
# reference foil measured at the GILDA-BM08 Bemaline ESRF.FR
# Temperature 300 K
#
# energy     Io,      It       alpha     ----
11650.268090 0.661997 0.498157 0.284346 11650.325750
11660.297250 0.662457 0.500810 0.279728 11660.490900
11670.394830 0.661977 0.502927 0.274786 11670.785960
11680.492340 0.663207 0.506367 0.269826 11680.923970
11690.622340 0.662803 0.508457 0.265098 11691.063380
11700.744840 0.663553 0.511450 0.260359 11701.012150
11710.879360 0.663453 0.513807 0.255611 11710.999920
11721.001570 0.663770 0.516490 0.250880 11721.205240
11731.183600 0.663567 0.518903 0.245912 11731.601510
11741.446410 0.663733 0.521530 0.241114 11742.100610
11751.589800 0.663243 0.523637 0.236344 11752.375280
11761.817800 0.663837 0.526500 0.231785 11762.668990
11772.071250 0.664747 0.529580 0.227322 11772.709240
11782.395720 0.663570 0.531133 0.222621 11783.020770
11792.747900 0.662577 0.532797 0.217996 11793.483010
11803.049950 0.662097 0.534897 0.213338 11804.004850
11813.397710 0.664093 0.538997 0.208713 11814.497840
11823.770390 0.663607 0.540870 0.204511 11824.891980
11834.098320 0.663093 0.542687 0.200384 11835.090080
11844.629180 0.664153 0.545667 0.196505 11845.286440
11855.054190 0.663650 0.547140 0.193050 11855.663540
11865.483240 0.664157 0.549080 0.190274 11866.165860
11875.851780 0.663977 0.549593 0.189068 11876.712590
11886.376460 0.663963 0.548333 0.191344 11887.315190
11896.777830 0.664067 0.541890 0.203320 11897.771440
11900.985550 0.665757 0.536287 0.216255 11901.912560
11901.994440 0.667827 0.535683 0.220485 11902.820160
11902.964810 0.668127 0.533307 0.225381 11903.687160
11903.959540 0.669047 0.530720 0.231619 11904.616120
11904.948630 0.668387 0.526117 0.239344 11905.576850
11906.001790 0.668210 0.520140 0.250504 11906.655950
11906.993180 0.668943 0.513257 0.264923 11907.724840
11908.036070 0.669603 0.502190 0.287707 11908.983510
11909.042350 0.669550 0.487863 0.316571 11910.092590
11910.037180 0.668897 0.469573 0.353805 11911.108760
11911.045760 0.669013 0.445447 0.406726 11912.135560
11912.039970 0.668973 0.414857 0.477811 11913.095480
11913.007220 0.669433 0.379057 0.568746 11914.031000
11913.999850 0.669640 0.343853 0.666525 11914.891210
11915.043070 0.669687 0.310053 0.770066 11915.837300
11916.097150 0.669853 0.285167 0.853985 11916.797840
11917.117470 0.670827 0.269633 0.911448 11917.815280
11918.101120 0.670427 0.260883 0.943841 11918.809910
11919.160620 0.670710 0.257397 0.957719 11919.916260
11920.136860 0.670873 0.256713 0.960620 11921.061950
11921.190920 0.667970 0.254617 0.964484 11922.276910
11922.195660 0.667510 0.252013 0.974072 11923.333290
11923.194760 0.671493 0.249850 0.988643 11924.293230
11924.180430 0.671663 0.245553 1.006243 11925.263660
11925.212910 0.671553 0.240747 1.025848 11926.301570
11926.236830 0.671350 0.236960 1.041399 11927.224030
11927.251210 0.671277 0.234187 1.053063 11928.094760
11928.228850 0.670507 0.232040 1.061124 11928.984630
11929.275680 0.670863 0.230867 1.066725 11929.995620
11930.278940 0.671000 0.230027 1.070574 11931.011950
11931.290170 0.671783 0.229147 1.075574 11932.085580
11932.270450 0.671403 0.227270 1.083231 11933.168080
11933.267440 0.671290 0.225227 1.092094 11934.328520
11934.259740 0.671510 0.223637 1.099506 11935.395830
11935.318390 0.671227 0.221210 1.109994 11936.470500
11936.369440 0.672033 0.217187 1.129551 11937.505470
11937.397330 0.671520 0.210820 1.158539 11938.498570
11938.460460 0.671017 0.203887 1.191230 11939.488790
11939.444910 0.670060 0.198037 1.218915 11940.398660
11940.483100 0.670630 0.194773 1.236381 11941.273960
11941.490310 0.670333 0.193797 1.240966 11942.267990
11942.529850 0.670740 0.195973 1.230403 11943.303970
11943.548140 0.670747 0.199883 1.210658 11944.321290
11944.547120 0.671570 0.205090 1.186169 11945.490790
11945.593070 0.671087 0.208927 1.166915 11946.690160
11946.605090 0.670927 0.210940 1.157086 11947.780610
11947.645570 0.670870 0.211837 1.152760 11948.823850
11948.727210 0.671027 0.212560 1.149585 11949.899700
11949.786610 0.671350 0.213633 1.145029 11950.925800
11950.836460 0.671660 0.214873 1.139704 11951.924160
11951.863080 0.671477 0.215690 1.135637 11952.854230
11952.947480 0.671403 0.216033 1.133937 11953.780980
11953.971550 0.672020 0.215813 1.135874 11954.777320
11955.025100 0.671490 0.214273 1.142247 11955.841550
11956.035880 0.672017 0.212380 1.151906 11956.896290
11957.036090 0.672653 0.209943 1.164392 11957.987980
11958.099010 0.672527 0.206607 1.180225 11959.252600
11959.130850 0.671903 0.203557 1.194170 11960.355900
11960.160930 0.671963 0.201097 1.206418 11961.391630
11961.199020 0.672307 0.199077 1.217025 11962.420790
11962.291070 0.671987 0.197373 1.225141 11963.482790
11963.353020 0.671663 0.196467 1.229264 11964.501540
11964.358440 0.671723 0.196453 1.229422 11965.404280
11965.418820 0.672327 0.197163 1.226712 11966.308920
11966.423620 0.672043 0.198160 1.221248 11967.286400
11967.423710 0.672290 0.199647 1.214141 11968.288600
11968.424950 0.672840 0.201260 1.206910 11969.280590
11969.429310 0.672980 0.202840 1.199298 11970.420410
11970.491620 0.672657 0.204270 1.191792 11971.656660
11971.511030 0.673217 0.205670 1.185794 11972.778370
11972.508100 0.673170 0.206737 1.180552 11973.823020
11973.522000 0.672823 0.207547 1.176127 11974.764940
11974.568420 0.672013 0.208183 1.171859 11975.836880
11975.570920 0.672147 0.208860 1.168812 11976.716090
11976.628500 0.672433 0.209547 1.165957 11977.680580
11977.642160 0.673070 0.210317 1.163235 11978.602170
11978.700120 0.673307 0.211060 1.160058 11979.538940
11979.753370 0.672877 0.211860 1.155636 11980.574700
11980.786230 0.673413 0.213177 1.150238 11981.654250
11981.784930 0.673763 0.214457 1.144771 11982.734000
11982.852490 0.672810 0.215600 1.138038 11984.000660
11983.864320 0.673153 0.216793 1.133029 11985.110530
11984.925400 0.673643 0.217587 1.130104 11986.168250
11985.934650 0.673153 0.217767 1.128549 11987.213950
11986.981400 0.673287 0.217950 1.127906 11988.225780
11988.048960 0.673340 0.217930 1.128076 11989.229070
11989.073500 0.672733 0.217533 1.128997 11990.160040
11990.106080 0.673413 0.217540 1.129977 11991.045740
11991.144750 0.673920 0.217387 1.131434 11991.975260
11992.155100 0.673523 0.216677 1.134116 11993.020030
11993.193160 0.672733 0.215790 1.137043 11994.011240
11994.231410 0.673763 0.215227 1.141187 11995.119630
11995.251160 0.673997 0.214123 1.146673 11996.374900
11996.316350 0.674680 0.213107 1.152446 11997.551190
11997.378780 0.674737 0.212063 1.157438 11998.640100
11998.422710 0.674737 0.211113 1.161927 11999.665350
11999.519980 0.674623 0.210337 1.165445 12000.752030
12002.016450 0.674827 0.209477 1.169844 12003.031280
12004.035300 0.674537 0.209417 1.169700 12004.885420
12006.029240 0.674083 0.209937 1.166548 12006.864660
12008.055430 0.674793 0.211303 1.161112 12009.202340
12010.111910 0.674257 0.212287 1.155673 12011.351510
12012.188870 0.674690 0.213367 1.151241 12013.403820
12014.278430 0.674253 0.213953 1.147848 12015.346820
12016.362830 0.674057 0.214343 1.145735 12017.214140
12018.448980 0.674270 0.214703 1.144373 12019.288940
12020.533920 0.673697 0.214650 1.143771 12021.653830
12022.620620 0.673887 0.214867 1.143044 12023.850640
12024.721910 0.673657 0.215053 1.141835 12025.956130
12026.793330 0.673713 0.215487 1.139906 12027.809180
12028.842740 0.673307 0.215997 1.136938 12029.713840
12030.864200 0.673713 0.217043 1.132708 12031.705360
12032.875480 0.674293 0.218313 1.127734 12033.894720
12034.923120 0.674793 0.219683 1.122219 12036.160640
12036.946730 0.674933 0.220700 1.117810 12038.164980
12039.027540 0.673847 0.221143 1.114192 12040.110110
12041.133900 0.674470 0.222007 1.111220 12041.976580
12043.149800 0.673740 0.222170 1.109401 12043.956520
12045.207090 0.673520 0.222197 1.108955 12046.130050
12047.240300 0.675407 0.222547 1.110178 12048.433680
12049.301040 0.675273 0.222083 1.112065 12050.463570
12051.430070 0.675430 0.221640 1.114295 12052.538290
12053.503260 0.675617 0.221317 1.116031 12054.378790
12055.574210 0.675460 0.220880 1.117774 12056.315340
12057.575330 0.675383 0.220523 1.119277 12058.422340
12059.675610 0.675360 0.220193 1.120740 12060.827570
12061.750800 0.675790 0.220190 1.121392 12062.915690
12063.813800 0.675470 0.220003 1.121766 12064.884810
12065.876540 0.675087 0.219843 1.121926 12066.740420
12067.956970 0.675863 0.220060 1.122091 12068.674320
12070.045120 0.677153 0.220547 1.121788 12070.793250
12072.167930 0.676817 0.220723 1.120490 12073.286160
12074.207770 0.676797 0.220923 1.119555 12075.303560
12076.313170 0.676097 0.220940 1.118445 12077.341190
12078.456270 0.675710 0.220963 1.117767 12079.228730
12080.537280 0.675617 0.221013 1.117403 12081.182220
12082.633020 0.676110 0.221160 1.117469 12083.314600
12084.743520 0.676787 0.221380 1.117475 12085.693480
12086.798840 0.675727 0.221143 1.116978 12087.830180
12088.904870 0.674850 0.221127 1.115755 12089.820640
12091.014680 0.675297 0.221713 1.113767 12091.738710
12093.101260 0.675040 0.222310 1.110699 12093.611430
12095.177580 0.675557 0.223420 1.106484 12095.673370
12097.279690 0.674893 0.224470 1.100813 12098.077580
12099.391580 0.674673 0.225483 1.095982 12100.270010
12101.522290 0.674753 0.226367 1.092191 12102.362440
12103.641760 0.675393 0.227190 1.089509 12104.243970
12105.756990 0.676427 0.227987 1.087537 12106.139380
12107.874010 0.676120 0.228303 1.085695 12108.199700
12109.935620 0.676423 0.228853 1.083738 12110.569860
12112.046150 0.676850 0.229243 1.082666 12112.753990
12114.169510 0.676710 0.229420 1.081688 12114.831940
12116.336850 0.676203 0.229403 1.081012 12116.763720
12118.396470 0.676370 0.229537 1.080677 12118.628850
12120.534240 0.676380 0.229553 1.080620 12120.714070
12122.611460 0.676003 0.229357 1.080920 12123.116550
12124.718600 0.675963 0.229110 1.081937 12125.305120
12126.788280 0.675457 0.228650 1.083197 12127.360830
12128.969430 0.676040 0.228560 1.084453 12129.346800
12131.057760 0.675907 0.228153 1.086037 12131.241190
12133.156920 0.675663 0.227650 1.087886 12133.309520
12135.283040 0.675980 0.227273 1.090010 12135.631230
12137.395840 0.674583 0.226360 1.091969 12137.968750
12139.465040 0.673567 0.225740 1.093203 12140.006010
12141.646970 0.673867 0.225680 1.093914 12142.074580
12143.718700 0.674017 0.225750 1.093827 12143.918910
12145.780080 0.673317 0.225690 1.093053 12145.973850
12147.878550 0.673583 0.226113 1.091575 12148.183950
12149.964650 0.673817 0.226803 1.088875 12150.585350
12152.051500 0.672953 0.227157 1.086036 12152.653420
12154.148210 0.673483 0.228050 1.082898 12154.668320
12156.288170 0.673307 0.228743 1.079600 12156.594020
12158.387440 0.673807 0.229783 1.075806 12158.620250
12160.439890 0.673353 0.230620 1.071499 12160.810210
12162.558890 0.673090 0.231663 1.066594 12163.244160
12164.736410 0.673473 0.232663 1.062856 12165.437810
12166.910700 0.673437 0.233457 1.059397 12167.530380
12169.049310 0.673760 0.234130 1.056997 12169.466060
12171.224210 0.673037 0.234313 1.055141 12171.548290
12173.329930 0.673597 0.234807 1.053869 12173.775680
12175.456710 0.674027 0.235120 1.053174 12176.250880
12177.560930 0.673933 0.235170 1.052823 12178.405780
12179.701460 0.673600 0.235083 1.052696 12180.489290
12181.878340 0.673540 0.235140 1.052366 12182.430900
12183.956440 0.674013 0.235447 1.051765 12184.442450
12186.023080 0.673597 0.235560 1.050666 12186.576060
12188.127080 0.673760 0.236000 1.049042 12189.047880
12190.215560 0.673510 0.236293 1.047429 12191.126290
12192.324130 0.673377 0.236530 1.046230 12193.210710
12194.509850 0.673717 0.236923 1.045073 12195.163720
12196.595540 0.673930 0.237087 1.044700 12197.142800
12198.647340 0.673273 0.236860 1.044682 12199.181070
12200.747780 0.674190 0.237103 1.045016 12201.640710
12202.893850 0.673617 0.236777 1.045544 12203.883630
12205.003980 0.673920 0.236747 1.046121 12205.983590
12207.122030 0.674163 0.236757 1.046440 12207.873840
12209.249030 0.673790 0.236490 1.047013 12209.820770
12211.368630 0.674053 0.236480 1.047446 12211.921970
12213.554390 0.674163 0.236480 1.047609 12214.444730
12215.701110 0.673627 0.236303 1.047560 12216.692860
12217.804670 0.674127 0.236557 1.047230 12218.792010
12219.928430 0.673610 0.236563 1.046435 12220.702210
12222.061150 0.674600 0.237207 1.045188 12222.646970
12224.168040 0.676280 0.238267 1.043217 12224.731900
12226.274670 0.674893 0.238347 1.040828 12227.017810
12228.399480 0.674530 0.238990 1.037594 12229.353790
12230.538390 0.674773 0.239767 1.034711 12231.462990
12232.596090 0.674523 0.240417 1.031633 12233.393620
12234.810360 0.675553 0.241447 1.028884 12235.306300
12236.962910 0.675707 0.242227 1.025885 12237.439570
12239.093690 0.676840 0.243297 1.023153 12239.671630
12241.255010 0.674920 0.243200 1.020710 12242.119040
12243.409950 0.674770 0.243583 1.018913 12244.251140
12245.496870 0.674280 0.243787 1.017352 12246.258000
12247.636940 0.674750 0.244260 1.016109 12248.157750
12249.805560 0.674203 0.244337 1.014985 12250.196200
12251.914310 0.674660 0.244743 1.013999 12252.417990
12254.047480 0.675860 0.245497 1.012703 12254.826420
12256.169090 0.676843 0.246140 1.011539 12256.971210
12258.292500 0.676590 0.246233 1.010786 12259.018350
12260.524820 0.676493 0.246420 1.009885 12260.962560
12262.688970 0.677057 0.246877 1.008866 12263.042960
12264.820950 0.677237 0.247207 1.007796 12265.195560
12266.972260 0.677453 0.247647 1.006338 12267.721560
12269.106840 0.677543 0.248053 1.004830 12269.835070
12271.304100 0.677657 0.248370 1.003721 12271.966220
12273.475350 0.677223 0.248513 1.002505 12273.889170
12275.654640 0.678243 0.249073 1.001759 12275.927790
12277.822360 0.677437 0.248993 1.000890 12278.133670
12280.012570 0.677260 0.249113 1.000147 12280.698270
12282.135390 0.677200 0.249167 0.999845 12282.818150
12284.287930 0.677520 0.249313 0.999729 12284.899010
12286.499190 0.677380 0.249350 0.999375 12286.836520
12288.716470 0.677723 0.249577 0.998973 12288.912980
12290.810360 0.677563 0.249620 0.998563 12291.055060
12292.961960 0.676787 0.249523 0.997804 12293.461870
12295.069810 0.676727 0.249643 0.997234 12295.642360
12297.303820 0.676877 0.249893 0.996455 12297.768800
12299.467140 0.676597 0.249997 0.995628 12299.707010
12301.670680 0.676817 0.250220 0.995060 12301.644550
12303.867790 0.676670 0.250430 0.994004 12303.832570
12306.021090 0.677543 0.251010 0.992981 12306.316820
12308.164800 0.676950 0.251117 0.991680 12308.544520
12310.312420 0.677123 0.251517 0.990344 12310.599470
12312.543940 0.676810 0.251767 0.988888 12312.573870
12314.708760 0.676777 0.252133 0.987383 12314.526770
12316.899330 0.676720 0.252640 0.985292 12316.667010
12319.100090 0.677690 0.253617 0.982866 12319.139040
12321.358900 0.677430 0.254147 0.980395 12321.506700
12323.528020 0.677487 0.254763 0.978055 12323.659050
12325.654200 0.677940 0.255487 0.975889 12325.585640
12327.869710 0.678310 0.256183 0.973711 12327.522590
12330.085010 0.678030 0.256613 0.971621 12329.718720
12332.267790 0.678170 0.257267 0.969285 12332.193330
12334.368990 0.677800 0.257593 0.967470 12334.462740
12336.528320 0.679030 0.258423 0.966066 12336.558030
12338.692630 0.678503 0.258560 0.964762 12338.537490
12340.926640 0.678750 0.258917 0.963747 12340.523190
12343.060190 0.678753 0.259220 0.962581 12342.637990
12345.190340 0.678327 0.259293 0.961669 12344.894090
12347.396510 0.678870 0.259757 0.960684 12347.336260
12349.540780 0.678070 0.259667 0.959852 12349.461250
12351.748600 0.678247 0.259880 0.959291 12351.525960
12354.005380 0.678353 0.260143 0.958436 12353.493130
12356.131120 0.678110 0.260230 0.957744 12355.589960
12358.278580 0.678087 0.260437 0.956915 12357.875560
12360.426830 0.677937 0.260590 0.956106 12360.294690
12362.609400 0.677343 0.260530 0.955460 12362.464340
12364.825270 0.677687 0.260833 0.954803 12364.610970
12367.031500 0.677067 0.260797 0.954029 12366.563640
12369.249050 0.677127 0.261027 0.953236 12368.636150
12371.454830 0.676810 0.261123 0.952398 12370.928700
12373.667750 0.678020 0.261870 0.951329 12373.477850
12375.895150 0.677867 0.262093 0.950250 12375.727620
12378.049840 0.677670 0.262257 0.949337 12377.826650
12380.274700 0.677507 0.262463 0.948308 12379.777150
12382.453080 0.676973 0.262500 0.947381 12381.855280
12384.575460 0.677253 0.262880 0.946348 12384.015370
12386.791210 0.676877 0.263057 0.945120 12386.597550
12388.967790 0.676587 0.263257 0.943931 12388.795990
12391.175710 0.677363 0.263847 0.942840 12390.926890
12393.404480 0.678040 0.264370 0.941857 12392.908920
12395.626710 0.678103 0.264740 0.940551 12394.983260
12397.839240 0.677107 0.264717 0.939169 12397.245590
12400.063150 0.676603 0.265003 0.937343 12399.780820
12403.050770 0.676595 0.265562 0.935223 12402.807220
12406.164480 0.678423 0.266817 0.933205 12405.726610
12409.204840 0.678103 0.267248 0.931123 12408.565010
12412.242540 0.678090 0.267848 0.928862 12411.718500
12415.316690 0.677530 0.268278 0.926432 12415.070820
12418.499310 0.677708 0.268933 0.924255 12418.137660
12421.592600 0.678775 0.269898 0.922247 12420.903090
12424.701280 0.678702 0.270452 0.920086 12423.947720
12427.715170 0.677543 0.270637 0.917692 12427.371920
12430.786790 0.677118 0.271002 0.915717 12430.437440
12433.974560 0.677245 0.271608 0.913675 12433.304700
12437.062170 0.677140 0.272080 0.911782 12436.252590
12440.175810 0.677635 0.272875 0.909595 12439.700260
12443.251780 0.677593 0.273332 0.907857 12442.872660
12446.363370 0.677275 0.273628 0.906310 12445.844540
12449.408530 0.677728 0.274172 0.904988 12448.584380
12452.497810 0.677602 0.274510 0.903573 12451.727140
12455.621710 0.678312 0.275285 0.901801 12455.232710
12458.765370 0.677710 0.275402 0.900486 12458.320720
12462.000220 0.677578 0.275728 0.899111 12461.265050
12465.088610 0.677790 0.276178 0.897794 12464.275400
12468.175410 0.678122 0.276730 0.896286 12467.803040
12471.292640 0.677580 0.276898 0.894880 12470.914800
12474.470250 0.677747 0.277313 0.893630 12473.879570
12477.641010 0.677952 0.277765 0.892302 12476.838190
12480.736490 0.678072 0.278228 0.890815 12480.190230
12483.891340 0.677260 0.278365 0.889122 12483.604210
12487.048940 0.677122 0.278712 0.887671 12486.648220
12490.136470 0.678350 0.279635 0.886178 12489.430170
12493.302750 0.678445 0.280168 0.884416 12492.653420
12496.513600 0.677782 0.280427 0.882511 12496.276960
12499.794820 0.678170 0.281127 0.880590 12499.501090
12502.894350 0.678265 0.281655 0.878855 12502.319200
12505.989050 0.678307 0.282225 0.876896 12505.318760
12509.141220 0.677538 0.282492 0.874813 12508.852840
12512.354170 0.677900 0.283278 0.872573 12512.131050
12515.606500 0.678353 0.284005 0.870675 12515.163820
12518.718570 0.678297 0.284555 0.868659 12518.125870
12521.815050 0.679005 0.285475 0.866474 12521.447020
12525.021920 0.678957 0.286087 0.864261 12524.889880
12528.216510 0.678395 0.286448 0.862174 12527.992140
12531.395560 0.678590 0.287067 0.860300 12530.862450
12534.501860 0.678235 0.287460 0.858410 12534.029870
12537.606540 0.677710 0.287892 0.856132 12537.540840
12540.717150 0.677793 0.288455 0.854302 12540.640680
12543.910430 0.677967 0.289085 0.852379 12543.525190
12547.118390 0.678732 0.289965 0.850467 12546.639010
12550.243700 0.679230 0.290755 0.848479 12550.108100
12553.390130 0.678272 0.290900 0.846570 12553.358530
12556.702810 0.679280 0.291832 0.844853 12556.433270
12559.826630 0.678843 0.292127 0.843199 12559.342840
12562.949920 0.679780 0.293052 0.841417 12562.628010
12566.105210 0.678658 0.293005 0.839927 12566.034960
12569.376110 0.679620 0.293928 0.838201 12569.222590
12572.621650 0.678665 0.293925 0.836803 12572.089530
12575.824410 0.679408 0.294642 0.835458 12575.296140
12578.996280 0.679540 0.295177 0.833839 12578.865880
12582.194840 0.679320 0.295482 0.832483 12582.016970
12585.452770 0.679930 0.296120 0.831225 12584.979650
12588.648250 0.679860 0.296492 0.829865 12588.056920
12591.775710 0.679602 0.296868 0.828222 12591.508400
12595.006170 0.679107 0.297148 0.826551 12594.857410
12598.188200 0.680485 0.298155 0.825192 12597.870690
12601.391560 0.680262 0.298505 0.823692 12600.797940
12604.567160 0.680035 0.298893 0.822060 12604.080490
12607.749900 0.680153 0.299535 0.820086 12607.632160
12611.097140 0.680280 0.300173 0.818147 12610.860140
12614.448430 0.680427 0.300748 0.816450 12613.856740
12617.694390 0.680655 0.301425 0.814534 12617.149810
12620.891750 0.681087 0.302322 0.812196 12620.750290
12624.137910 0.680735 0.302770 0.810200 12623.957640
12627.416500 0.680175 0.303110 0.808254 12626.928920
12630.650820 0.680187 0.303663 0.806452 12630.027210
12633.864950 0.679963 0.304252 0.804180 12633.613740
12637.216890 0.680590 0.305098 0.802329 12637.014830
12640.578380 0.680705 0.305783 0.800255 12640.179780
12643.784630 0.681320 0.306602 0.798480 12643.144580
12646.982700 0.681087 0.307095 0.796534 12646.520590
12650.249550 0.681060 0.307727 0.794436 12650.067950
12653.628220 0.681168 0.308362 0.792532 12653.348860
12656.926210 0.681545 0.309013 0.790981 12656.309290
12660.170920 0.681103 0.309437 0.788957 12659.587380
12663.408550 0.681040 0.310030 0.786952 12663.219260
12666.679900 0.681153 0.310663 0.785079 12666.482150
12670.003790 0.681705 0.311453 0.783350 12669.464820
12673.293070 0.680817 0.311592 0.781598 12672.683520
12676.447170 0.681320 0.312433 0.779644 12676.240960
12679.798540 0.680895 0.312825 0.777764 12679.636460
12683.191580 0.681870 0.313800 0.776083 12682.777160
12686.515720 0.680843 0.313877 0.774328 12685.876370
12689.637970 0.682475 0.315153 0.772669 12689.343190
12692.935740 0.682373 0.315725 0.770704 12692.856880
12696.215360 0.682075 0.316053 0.769231 12696.013970
12699.446860 0.682948 0.316955 0.767658 12698.903410
12702.759970 0.682333 0.317230 0.765890 12702.251260
12705.981640 0.681582 0.317430 0.764160 12705.902980
12709.328320 0.681142 0.317755 0.762491 12709.185680
12712.623490 0.680735 0.318025 0.761043 12712.169980
12715.926030 0.681477 0.318908 0.759362 12715.371000
12719.173620 0.682170 0.319833 0.757481 12719.129520
12722.419620 0.681420 0.320020 0.755795 12722.393090
12725.780940 0.681330 0.320493 0.754188 12725.483380
12729.124080 0.681013 0.320802 0.752755 12728.582610
12732.311850 0.681198 0.321537 0.750738 12732.085780
12735.726630 0.681780 0.322370 0.749007 12735.717520
12738.978150 0.681758 0.322925 0.747254 12738.839000
12742.288350 0.681347 0.323235 0.745693 12741.834880
12745.518800 0.680595 0.323462 0.743884 12745.148170
12748.823630 0.681170 0.324405 0.741819 12748.887940
12752.236520 0.681442 0.325182 0.739825 12752.210200
12755.592000 0.683113 0.326500 0.738230 12755.228780
12758.895590 0.682517 0.326833 0.736340 12758.437520
12762.073250 0.682303 0.327462 0.734100 12762.127190
12765.444260 0.683005 0.328363 0.732384 12765.490590
12768.784610 0.683050 0.328987 0.730548 12768.575740
12772.113320 0.682943 0.329543 0.728705 12771.723200
12775.368620 0.682670 0.330097 0.726624 12775.353060
12778.673970 0.682710 0.330770 0.724647 12778.837280
12781.969880 0.682872 0.331493 0.722703 12782.040380
12785.311430 0.682737 0.331977 0.721043 12785.039920
12788.570410 0.682595 0.332498 0.719269 12788.381740
12791.887430 0.682495 0.333197 0.717020 12792.153540
12795.215260 0.682600 0.333857 0.715195 12795.434330
12798.570840 0.682915 0.334560 0.713554 12798.497980
12801.879760 0.682735 0.335075 0.711752 12801.718780
12805.085550 0.682375 0.335533 0.709861 12805.407900
12808.434130 0.684142 0.337008 0.708061 12808.771590
12811.885080 0.684565 0.337778 0.706396 12811.981750
12815.331200 0.684723 0.338470 0.704578 12815.177520
12818.555350 0.683547 0.338492 0.702794 12818.752900
12821.866070 0.683935 0.339313 0.700941 12822.265870
12825.245360 0.684250 0.340065 0.699187 12825.461740
12828.657110 0.685105 0.341015 0.697646 12828.518950
12831.934760 0.685373 0.341757 0.695861 12831.850270
12835.211900 0.685518 0.342465 0.694005 12835.604760
12838.671180 0.684662 0.342645 0.692231 12838.973690
12842.024570 0.685177 0.343423 0.690716 12842.004550
12845.351410 0.685570 0.344140 0.689202 12845.254400
12848.566420 0.685025 0.344535 0.687260 12848.952440
12851.909310 0.684322 0.344788 0.685501 12852.286160
12855.332520 0.684577 0.345463 0.683918 12855.444510
12858.758780 0.684595 0.346040 0.682273 12858.647390
12861.964880 0.683955 0.346370 0.680385 12862.137890
12865.247860 0.683438 0.346680 0.678733 12865.658730
12868.721840 0.683765 0.347533 0.676756 12869.002020
12872.093980 0.682970 0.347655 0.675240 12872.011850
12875.367540 0.682935 0.348295 0.673350 12875.353970
12878.683950 0.683283 0.349112 0.671514 12879.076060
12882.093560 0.683560 0.349895 0.669681 12882.450140
12885.476480 0.684620 0.351000 0.668078 12885.492860
12888.793770 0.685440 0.352063 0.666252 12888.713570
12892.134600 0.685710 0.352895 0.664284 12892.453680
12895.508150 0.684283 0.352835 0.662370 12895.934100
12898.891580 0.685697 0.354173 0.660652 12899.090070
12902.268840 0.685083 0.354403 0.659106 12902.181080
12905.628460 0.685135 0.355140 0.657104 12905.706610
12908.929090 0.685462 0.356027 0.655086 12909.348340
12912.316450 0.684850 0.356330 0.653343 12912.644040
12915.752770 0.684770 0.356903 0.651620 12915.694180
12919.073770 0.685222 0.357778 0.649832 12919.029740
12922.409200 0.685560 0.358693 0.647771 12922.803850
12925.826990 0.685280 0.359233 0.645858 12926.187870
12929.270850 0.685767 0.360048 0.644303 12929.284700
12932.652120 0.684377 0.360005 0.642392 12932.509310
12935.991440 0.684735 0.360900 0.640431 12936.211110
12939.475570 0.684948 0.361667 0.638617 12939.777500
12943.006670 0.685688 0.362692 0.636867 12943.050260
12946.356210 0.685063 0.362970 0.635190 12946.144970
12949.677530 0.685298 0.363820 0.633194 12949.607100
12953.079230 0.684345 0.363990 0.631336 12953.324300
12956.446960 0.685075 0.365023 0.629569 12956.569830
12959.948420 0.684662 0.365390 0.627961 12959.685480
12963.300200 0.684420 0.365912 0.626178 12963.029170
12966.632950 0.684235 0.366530 0.624221 12966.789830
12970.018480 0.684345 0.367202 0.622549 12970.172140
12973.491680 0.684593 0.367982 0.620788 12973.300630
12976.911130 0.685010 0.368868 0.618996 12976.568960
12980.238430 0.683872 0.368918 0.617198 12980.268200
12983.647670 0.684185 0.369750 0.615401 12983.791990
12987.130840 0.683375 0.370015 0.613500 12987.059360
12990.519440 0.684580 0.371208 0.612044 12990.120200
12993.884310 0.684673 0.371968 0.610134 12993.581370
12997.263800 0.684495 0.372613 0.608142 12997.408690
13004.185630 0.684145 0.373615 0.604944 13003.811590
13008.244710 0.684427 0.374560 0.602831 13007.864210
13012.323940 0.685087 0.375818 0.600443 13012.382840
13016.361480 0.684435 0.376283 0.598253 13016.294440
13020.461240 0.684745 0.377135 0.596443 13020.007030
13024.440930 0.684392 0.377770 0.594246 13024.276240
13028.547180 0.684468 0.378645 0.592042 13028.595180
13032.651460 0.685250 0.379837 0.590040 13032.393810
13036.690490 0.684780 0.380350 0.588006 13036.256030
13040.740360 0.680980 0.379092 0.585753 13040.801470
13044.795200 0.679878 0.379273 0.583658 13044.814390
13048.986490 0.684307 0.382525 0.581613 13048.606620
13053.022030 0.684160 0.383240 0.579530 13052.655690
13057.111900 0.684605 0.384445 0.577041 13057.284440
13061.226790 0.680155 0.382732 0.574984 13061.261980
13065.347930 0.680902 0.383908 0.573017 13065.057190
13069.438820 0.680288 0.384425 0.570767 13069.444480
13073.563020 0.680895 0.385655 0.568465 13073.860610
13077.725320 0.680970 0.386468 0.566470 13077.715270
13081.830220 0.680225 0.386808 0.564496 13081.619830
13085.861070 0.679907 0.387557 0.562093 13086.196430
13090.030380 0.680745 0.388908 0.559846 13090.398950
13094.276960 0.680110 0.389275 0.557969 13094.231340
13098.373800 0.679970 0.390075 0.555710 13098.381360
13102.547910 0.680018 0.391010 0.553385 13103.033350
13106.607520 0.680885 0.392327 0.551296 13106.976250
13110.720730 0.680538 0.392877 0.549385 13110.746350
13114.859180 0.680623 0.393757 0.547273 13115.198970
13118.916090 0.680898 0.394838 0.544937 13119.581910
13123.145470 0.681545 0.395980 0.542999 13123.515040
13127.193480 0.681205 0.396568 0.541017 13127.397540
13131.292860 0.680075 0.396835 0.538683 13132.038070
13135.419910 0.680172 0.397763 0.536491 13136.238340
13139.634220 0.680192 0.398505 0.534656 13140.067290
13143.689300 0.680377 0.399390 0.532709 13144.046800
13147.775610 0.680280 0.400317 0.530246 13148.672370
13151.955260 0.680295 0.401102 0.528310 13152.777340
13156.232020 0.680517 0.402005 0.526389 13156.602610
13160.362330 0.680828 0.403030 0.524298 13160.940010
13164.579040 0.680782 0.403948 0.521958 13165.489800
13168.756710 0.680195 0.404475 0.519790 13169.406890
13172.906020 0.680560 0.405473 0.517863 13173.287970
13177.046080 0.680680 0.406473 0.515576 13177.876500
13181.149310 0.684785 0.409825 0.513375 13182.037820
13185.391950 0.685810 0.411180 0.511570 13185.875560
13189.515020 0.685298 0.411737 0.509467 13189.869660
13193.709240 0.685127 0.412595 0.507138 13194.557470
13197.933900 0.685993 0.413955 0.505109 13198.691340
13202.174610 0.685863 0.414658 0.503224 13202.524260
13206.407340 0.684922 0.415005 0.501015 13206.917980
13210.660980 0.685863 0.416592 0.498569 13211.506340
13214.906630 0.686102 0.417535 0.496659 13215.448720
13219.155130 0.686975 0.418978 0.494481 13219.407490
13223.300290 0.687455 0.420155 0.492373 13224.037810
13227.573750 0.686205 0.420337 0.490118 13228.322640
13231.881520 0.685682 0.420890 0.488043 13232.205830
13236.054370 0.685652 0.421725 0.486017 13236.310800
13240.273540 0.686340 0.423148 0.483652 13241.007560
13244.586320 0.685978 0.423755 0.481689 13245.131830
13248.915370 0.685623 0.424460 0.479509 13249.063060
13253.187960 0.686608 0.426042 0.477224 13253.648520
13257.491340 0.686535 0.426955 0.474979 13258.149420
13261.707790 0.685925 0.427337 0.473194 13262.070320
13265.900320 0.685652 0.428100 0.471014 13266.056270
13270.113850 0.686400 0.429530 0.468769 13270.801210
13274.275430 0.684105 0.428978 0.466707 13274.963510
13278.650340 0.685020 0.430365 0.464814 13278.888300
13282.873550 0.685875 0.431815 0.462698 13283.170120
13287.111760 0.685508 0.432590 0.460369 13287.909330
13291.363780 0.685908 0.433733 0.458315 13292.015210
13295.601540 0.685913 0.434520 0.456508 13295.852890
13299.766400 0.686155 0.435663 0.454236 13300.335640
13304.058660 0.685318 0.436103 0.452005 13304.871520
13308.346460 0.685965 0.437380 0.450024 13308.830060
13312.553930 0.686280 0.438455 0.448029 13312.812750
13316.821740 0.685845 0.439173 0.445759 13317.611980
13321.134080 0.685855 0.440128 0.443602 13321.905750
13325.521680 0.684415 0.440003 0.441784 13325.813590
13329.749090 0.684745 0.441115 0.439741 13330.112370
13333.928950 0.685385 0.442582 0.437354 13334.833240
13338.257780 0.685355 0.443472 0.435301 13338.993910
13342.589540 0.685377 0.444342 0.433374 13342.947580
13346.836880 0.685492 0.445373 0.431227 13347.552690
13351.119050 0.684240 0.445628 0.428825 13352.072570
13355.443520 0.685068 0.446962 0.427043 13356.082090
13359.682140 0.684800 0.447717 0.424964 13360.127990
13364.025970 0.685380 0.449142 0.422633 13365.037420
13368.353000 0.685848 0.450373 0.420580 13369.353540
13372.691600 0.686547 0.451707 0.418641 13373.246770
13376.979980 0.683955 0.450965 0.416502 13377.503000
13381.256390 0.684620 0.452475 0.414131 13382.283000
13385.617350 0.686210 0.454420 0.412162 13386.481240
13390.072950 0.687852 0.456483 0.410024 13390.528050
13394.416360 0.687658 0.457385 0.407765 13395.137210
13398.762710 0.688113 0.458688 0.405583 13399.745270
13403.028840 0.688435 0.459790 0.403651 13403.674380
13407.352460 0.689020 0.461112 0.401628 13407.743290
13411.644190 0.689518 0.462535 0.399270 13412.552740
13415.892760 0.688538 0.462800 0.397275 13416.761970
13420.359460 0.688368 0.463490 0.395538 13420.761530
13424.683550 0.688708 0.464740 0.393339 13425.097920
13429.057900 0.687385 0.465150 0.391135 13429.931390
13433.354160 0.688257 0.466927 0.388689 13434.083270
13437.793070 0.688052 0.467363 0.386760 13438.091380
13442.035220 0.687515 0.468035 0.384541 13442.652410
13446.432620 0.687015 0.468643 0.382516 13447.305970
13450.821770 0.687190 0.469685 0.380549 13451.355700
13455.123820 0.687360 0.470722 0.378589 13455.454640
13459.452520 0.687148 0.471647 0.376317 13460.339880
13463.804180 0.686843 0.472403 0.374274 13464.669580
13468.207680 0.686882 0.473338 0.372355 13468.643250
13472.454830 0.687475 0.474797 0.370137 13472.853600
13476.756250 0.687102 0.475600 0.367906 13477.656040
13481.076870 0.687210 0.476620 0.365920 13481.858650
13485.541200 0.687397 0.477665 0.364003 13485.863240
13489.945700 0.686447 0.478073 0.361767 13490.474350
13494.363280 0.686882 0.479478 0.359466 13495.254290
13498.759930 0.686425 0.480112 0.357477 13499.360590
13503.094020 0.686960 0.481413 0.355552 13503.376180
13507.437320 0.686255 0.482120 0.353056 13508.174070
13511.887050 0.686780 0.483465 0.351035 13512.695210
13516.429530 0.687418 0.484920 0.348958 13516.797330
13520.771670 0.687708 0.485998 0.347160 13521.012170
13525.164780 0.687255 0.486955 0.344534 13525.922450
13529.519100 0.686935 0.487712 0.342514 13530.101450
13534.067620 0.686935 0.488638 0.340619 13534.132540
13538.459600 0.686440 0.489362 0.338415 13538.696440
13542.890080 0.686610 0.490538 0.336265 13543.426770
13547.373090 0.686327 0.491358 0.334183 13547.557030
13551.788060 0.686638 0.492598 0.332114 13551.631570
13556.110700 0.686760 0.493780 0.329895 13556.372990
13560.511250 0.687392 0.495287 0.327767 13560.804080
13565.033160 0.687322 0.496195 0.325835 13564.827000
13569.449940 0.687867 0.497605 0.323790 13569.093400
13573.840410 0.687603 0.498590 0.321427 13573.998560
13578.289960 0.685770 0.498302 0.319335 13578.323190
13582.821680 0.686880 0.500132 0.317287 13582.407230
13587.274820 0.686945 0.501320 0.315010 13587.058590
13591.661990 0.687347 0.502765 0.312717 13591.849500
13596.141630 0.687063 0.503445 0.310951 13596.025750
13600.584670 0.687272 0.504630 0.308905 13600.203960
13605.016660 0.687350 0.505880 0.306544 13605.170730
13609.404240 0.687645 0.507203 0.304362 13609.668980
13613.929420 0.688043 0.508515 0.302356 13613.788040
13618.415390 0.687673 0.509247 0.300379 13618.175780
13622.930130 0.687330 0.510260 0.297894 13623.312660
13627.432560 0.688120 0.511915 0.295805 13627.742430
13632.019100 0.687780 0.512672 0.293832 13631.900160
13636.508500 0.687503 0.513672 0.291480 13636.626450
13640.989380 0.687845 0.515080 0.289241 13641.494560
13645.443700 0.688290 0.516467 0.287198 13645.707890
13649.988730 0.688172 0.517328 0.285363 13649.981740
13654.463370 0.688653 0.518930 0.282968 13655.001630
13658.921690 0.687952 0.519482 0.280887 13659.559830
13663.478660 0.687610 0.520175 0.279057 13663.692720
13667.925020 0.687990 0.521463 0.277137 13668.061250
13672.343340 0.687810 0.522508 0.274873 13673.088100
13676.914830 0.686810 0.522828 0.272806 13677.566450
13681.523190 0.686500 0.523495 0.271079 13681.725060
13685.929930 0.687702 0.525297 0.269392 13686.339900
13690.414880 0.687142 0.525805 0.267611 13691.208440
13694.875620 0.687477 0.526750 0.266303 13695.417280
13699.443330 0.687837 0.527523 0.265361 13699.591510
