# file: 1 of    12
#      Au7a_20Kmean.dat                                                      
# range:  11650.088 13397.688
# Glitches:     0
   11650.0881400000      -0.705002000000000      -2.898209981571311E-004
   11660.1632900000      -0.707921990029583      -2.857285285340597E-004
   11670.1548300000      -0.710735625806249      -2.729128033360098E-004
   11680.2007700000      -0.713390474868172      -2.659941656658529E-004
   11690.2734300000      -0.716087056027614      -2.657375956358367E-004
   11700.3430300000      -0.718743030611244      -2.636224800600501E-004
   11710.5085900000      -0.721421499091226      -2.613308353923594E-004
   11720.6413700000      -0.724047612760522      -2.577398007670266E-004
   11730.7673800000      -0.726642995589607      -2.551282189315429E-004
   11740.9777300000      -0.729235992066873      -2.628690639389452E-004
   11751.1927700000      -0.732012198739495      -2.663811687245909E-004
   11761.3926700000      -0.734674147643515      -2.616726644009327E-004
   11771.6065900000      -0.737353937409496      -2.608621149994645E-004
   11781.7976400000      -0.739997031274216      -2.547647329084567E-004
   11792.1695700000      -0.742592659516998      -2.555309610597208E-004
   11802.4325400000      -0.745269887102587      -2.619043927152486E-004
   11812.7886700000      -0.747992892380833      -2.600746503547974E-004
   11823.1402000000      -0.750655424536753      -2.552283005984510E-004
   11833.5558300000      -0.753293259335889      -2.544746244806039E-004
   11843.9487600000      -0.755950675028735      -2.469398650985944E-004
   11854.4991200000      -0.758464992543210      -2.345794640383536E-004
   11864.9482800000      -0.760876731175398      -2.277697047614722E-004
   11875.3581900000      -0.763216056758709      -2.093031404984971E-004
   11885.8375800000      -0.765248927268213      -1.587062665603618E-004
   11896.3172000000      -0.766542382986610      -9.370721602603391E-005
   11900.4559100000      -0.766618770275463      -2.425358949218358E-005
   11900.9211100000      -0.766654044329809      -2.464095797528993E-005
   11901.3002700000      -0.766639576114739       6.774221112560114E-005
   11901.8177800000      -0.766593301921359       4.884929330873564E-005
   11902.2047300000      -0.766595393882913       4.658194912844615E-005
   11902.6749200000      -0.766553374669483       1.426079192394980E-004
   11903.0348400000      -0.766477013623073       2.267646066859312E-004
   11903.4712200000      -0.766372802013179       1.997895639491687E-004
   11903.9434500000      -0.766295482827373       2.308174428106861E-004
   11904.3266800000      -0.766175346923552       2.402073220227936E-004
   11904.7099300000      -0.766111368719189       2.426635488835901E-004
   11905.1280600000      -0.765980881208748       3.723055263409907E-004
   11905.5045900000      -0.765815512409627       3.655423178498229E-004
   11905.8375900000      -0.765721517967964       3.677163086926770E-004
   11906.2703200000      -0.765533941000572       5.152230827246647E-004
   11906.6992100000      -0.765277591455426       5.251355124964149E-004
   11907.1174800000      -0.765089067199805       5.246803313473193E-004
   11907.4641300000      -0.764876252976372       6.240677478424452E-004
   11907.9047400000      -0.764597763624639       7.053219127938937E-004
   11908.3405300000      -0.764258108852000       7.681986290097772E-004
   11908.7260000000      -0.763966872818578       8.963213247453896E-004
   11909.1192400000      -0.763560134473207       9.544727024229654E-004
   11909.5900000000      -0.763142208403685       9.476253450598867E-004
   11909.9464900000      -0.762776211406506       1.084467029782683E-003
   11910.3175300000      -0.762353226105507       1.264048752117559E-003
   11910.7215400000      -0.761796510421177       1.384834110099557E-003
   11911.1430200000      -0.761210059395962       1.527089512724403E-003
   11911.5732500000      -0.760495873012296       1.779791122169920E-003
   11911.9444000000      -0.759783770386476       2.051876780500828E-003
   11912.3223500000      -0.758958812116021       2.343183765569532E-003
   11912.6954900000      -0.758023828491995       2.662419634903451E-003
   11913.0667200000      -0.756976986812387       3.042800315163836E-003
   11913.5019400000      -0.755569962177831       3.627150089076916E-003
   11913.9168400000      -0.753893473978664       4.064033646527221E-003
   11914.3317700000      -0.752197505136931       4.717651700352777E-003
   11914.7273400000      -0.750069817275530       6.019758277988976E-003
   11915.1607600000      -0.747207185722061       7.053805721544691E-003
   11915.5505700000      -0.744262912791383       8.652681917753981E-003
   11915.9782300000      -0.740133877834755       1.084256657122974E-002
   11916.3748800000      -0.735325276741053       1.249057474799099E-002
   11916.8491600000      -0.729255461569498       1.352878077832310E-002
   11917.2449100000      -0.723554831600488       1.447879560965048E-002
   11917.6950000000      -0.717008717091032       1.461703573879443E-002
   11918.0801400000      -0.711346244840366       1.399319620962342E-002
   11918.5225400000      -0.705428787499717       1.367699076746883E-002
   11918.9028800000      -0.700093637456344       1.311459560506927E-002
   11919.2677200000      -0.695656053146733       1.180467161755952E-002
   11919.6549000000      -0.691216288306508       1.062753245160599E-002
   11920.0799600000      -0.687023946188248       9.069684781884703E-003
   11920.4720500000      -0.683804995386984       7.485961466256218E-003
   11920.9389100000      -0.680593879586795       6.434323542682585E-003
   11921.3330000000      -0.678265364532910       5.119632390893067E-003
   11921.8077000000      -0.676145994161918       4.114638577166384E-003
   11922.1931100000      -0.674726322746305       3.334128700968316E-003
   11922.5921500000      -0.673530536902440       2.694611418645101E-003
   11922.9902400000      -0.672578367146163       2.109690171686291E-003
   11923.4097200000      -0.671805717508776       1.546739898321491E-003
   11923.8137000000      -0.671304688709489       1.117223092072065E-003
   11924.1798300000      -0.670945332833341       8.360500723140115E-004
   11924.5488900000      -0.670690033056825       3.722899651104993E-004
   11924.9218700000      -0.670669078787630       1.312594723275939E-004
   11925.2948700000      -0.670592116115658       2.174254409815285E-004
   11925.7368700000      -0.670491877053230       2.221606565767711E-004
   11926.1089500000      -0.670411259568352       3.375888357179271E-004
   11926.5471200000      -0.670218345699090       5.232989865639183E-004
   11926.9173200000      -0.669988240366583       8.839946988630348E-004
   11927.2914200000      -0.669560388444726       1.186546293421967E-003
   11927.6811000000      -0.669081980038594       1.560968055486728E-003
   11928.1087000000      -0.668284640472336       2.050712168569454E-003
   11928.6199300000      -0.667156709933374       2.422660025831236E-003
   11929.0515000000      -0.666000556599985       2.656708622044006E-003
   11929.4762900000      -0.664881610937801       2.513576304972869E-003
   11929.9079200000      -0.663847879580880       2.467394883245971E-003
   11930.3007000000      -0.662847465922106       2.447350341978014E-003
   11930.7119700000      -0.661880087538411       2.326902100439020E-003
   11931.0853600000      -0.661021638919977       2.074975079867713E-003
   11931.4665400000      -0.660314373592397       1.831880666681071E-003
   11931.8895700000      -0.659548422169025       1.621530150681555E-003
   11932.3243100000      -0.658923473675046       1.224228108876272E-003
   11932.7629700000      -0.658479181338732       9.314014074266770E-004
   11933.1364800000      -0.658167017393977       7.675388604945601E-004
   11933.5080800000      -0.657907280458389       4.578829907610150E-004
   11933.8904000000      -0.657821810249582       2.249067585000211E-004
   11934.3175100000      -0.657725234180856       1.125694227422760E-004
   11934.7572900000      -0.657724224942701      -1.798786182694919E-005
   11935.1290000000      -0.657739831150850      -5.359874358120462E-005
   11935.5007300000      -0.657764072392629      -4.669126625541983E-005
   11935.9045900000      -0.657776044430045       3.679974121905978E-005
   11936.3318500000      -0.657733487391707       1.905860590496547E-004
   11936.7513500000      -0.657614663778684       3.642527410800308E-004
   11937.1621300000      -0.657431055625843       5.950599481010990E-004
   11937.5777900000      -0.657122882435176       9.523583362476447E-004
   11938.0597000000      -0.656576247353978       1.134268078966484E-003
   11938.4316200000      -0.656154410321312       1.296014536176680E-003
   11938.8522500000      -0.655549091033331       1.618297938357643E-003
   11939.2524600000      -0.654826046641590       1.792387219511076E-003
   11939.7403500000      -0.653957271943683       2.243785487702295E-003
   11941.0990700000      -0.650682649922143       2.600965416880243E-003
   11942.1882300000      -0.647590420719011       2.646342864016518E-003
   11943.1713700000      -0.645198633605042       2.259514903936827E-003
   11944.1780900000      -0.643094302392264       1.671843831496466E-003
   11945.1781500000      -0.641843610840872       8.002846797508778E-004
   11946.1735200000      -0.641497390333748      -5.046649010913314E-005
   11947.1739400000      -0.641944331357167      -7.783172448157659E-004
   11948.1998900000      -0.643074549049125      -1.283482494680477E-003
   11949.2874900000      -0.644657035783799      -1.528180259339477E-003
   11950.3138300000      -0.646305030426552      -1.535636009433471E-003
   11951.2905900000      -0.647733068274295      -1.410147686290571E-003
   11952.2841000000      -0.649083402108422      -1.291845484438502E-003
   11953.3119600000      -0.650344365981175      -1.172781483752024E-003
   11954.3497700000      -0.651505981635964      -1.010657239367982E-003
   11955.3643300000      -0.652418608579536      -7.135402297899948E-004
   11956.4083800000      -0.652974882688412      -4.133324404079372E-004
   11957.4653100000      -0.653287011770184      -1.629974073724083E-004
   11958.5244000000      -0.653319788462360       1.293986459330228E-004
   11959.5973700000      -0.653011126093136       4.240681081334146E-004
   11960.6500200000      -0.652418380810350       6.099720317832899E-004
   11961.6706000000      -0.651746513777682       7.968807260034792E-004
   11962.6776700000      -0.650802585606269       9.734987567591681E-004
   11963.6643800000      -0.649805571426430       1.054667044742368E-003
   11964.6649600000      -0.648706656334922       1.148617600533454E-003
   11965.6676800000      -0.647504545787281       1.137895998563085E-003
   11966.6911200000      -0.646401096978474       8.620996847075377E-004
   11967.6716800000      -0.645776898019128       4.631052998550469E-004
   11968.6847100000      -0.645477854883736       1.336059926326199E-004
   11969.6744300000      -0.645509318617383      -1.788261383487753E-004
   11970.6946800000      -0.645837290057033      -4.238281294364732E-004
   11971.7611400000      -0.646393725013360      -6.213125731644419E-004
   11972.7504200000      -0.647114547166190      -7.141912865072029E-004
   11973.8084500000      -0.647855895976139      -8.146942436200017E-004
   11974.8186600000      -0.648799530388615      -9.242384931412205E-004
   11975.8427700000      -0.649736092827505      -9.603408656714906E-004
   11976.8768700000      -0.650776113561748      -1.013551629015656E-003
   11977.9386200000      -0.651860345009179      -1.040795679238607E-003
   11978.9574100000      -0.652941530604232      -9.750812160946352E-004
   11980.0048300000      -0.653875067568685      -8.551900965546914E-004
   11981.0720600000      -0.654749958341911      -7.851577469936492E-004
   11982.1081000000      -0.655526466303204      -7.019451782106275E-004
   11983.1423600000      -0.656203195444360      -6.717122105820298E-004
   11984.1689600000      -0.656910771129505      -6.644923619831017E-004
   11985.1839600000      -0.657559823050585      -6.362154640549446E-004
   11986.2178000000      -0.658214274820879      -6.670404219043581E-004
   11987.2488800000      -0.658937208158583      -6.623371278616198E-004
   11988.2497000000      -0.659560077630981      -6.254464078598468E-004
   11989.2900000000      -0.660213819330595      -5.726500908470928E-004
   11990.3167200000      -0.660743756821764      -5.438936969492601E-004
   11991.3328300000      -0.661324901691533      -4.568615138150131E-004
   11992.4002200000      -0.661695627785797      -3.058905175670216E-004
   11993.4255500000      -0.661965044895456      -2.060721571935345E-004
   11994.4195900000      -0.662111763717869      -1.183941274819987E-004
   11995.4374100000      -0.662203237304772      -4.492070410815403E-005
   11996.4455700000      -0.662202772165978      -7.400370998791408E-006
   11997.4519500000      -0.662218145648164       1.539162951099550E-005
   11998.4644100000      -0.662171698928656       1.333196762870930E-004
   11999.4652400000      -0.661949734477092       1.743800457732207E-004
   12000.4760900000      -0.661820902078175       1.814850309577796E-004
   12001.4753000000      -0.661584938675765       2.616323547555269E-004
   12002.4786300000      -0.661296972822483       2.947102331294036E-004
   12003.5471400000      -0.660974346226358       2.689567936309298E-004
   12004.6168300000      -0.660721889406341       2.012232235699104E-004
   12005.6473200000      -0.660551741236681       1.465776864373937E-004
   12006.6435000000      -0.660424824806569       7.275453818522596E-005
   12007.7118100000      -0.660401540220143       1.001682436044681E-005
   12008.7300400000      -0.660403924301868      -3.936271625592976E-005
   12009.7316900000      -0.660481048183454      -1.461257968908505E-004
   12010.7483100000      -0.660698845613959      -2.266920700286071E-004
   12011.7591900000      -0.660940666355437      -2.530740781928867E-004
   12012.7820900000      -0.661213542612706      -3.183595441256185E-004
   12013.8170200000      -0.661595796176125      -3.722159988239386E-004
   12014.8600300000      -0.661986985125302      -4.167058960211165E-004
   12015.8844700000      -0.662457314780854      -4.910427197429529E-004
   12016.8873800000      -0.662982500583173      -4.509617705883947E-004
   12017.8776300000      -0.663356153743520      -3.871134384467113E-004
   12018.8878100000      -0.663756893918845      -4.297790052422663E-004
   12019.9090300000      -0.664229206814769      -3.993640898692028E-004
   12020.9096800000      -0.664564356191229      -2.686133673158981E-004
   12021.9510300000      -0.664777715310828      -2.139419755640965E-004
   12022.9836700000      -0.665008069709129      -3.061663615241630E-004
   12024.0678900000      -0.665425826634884      -3.634232471316221E-004
   12025.0851000000      -0.665771778223349      -3.614219715846823E-004
   12026.0975400000      -0.666159386739511      -3.386121538486385E-004
   12027.1695000000      -0.666477581396831      -3.250107354075410E-004
   12028.2416700000      -0.666856252007620      -3.367684873839563E-004
   12029.3249100000      -0.667203455562223      -3.341416365210577E-004
   12030.3687900000      -0.667567011365497      -3.283544240660581E-004
   12031.4108700000      -0.667888389756648      -3.382778592345986E-004
   12032.4313700000      -0.668264736512397      -3.472568723303910E-004
   12033.4569900000      -0.668598918988261      -3.332115872823957E-004
   12034.4976600000      -0.668953248283083      -3.362218537298197E-004
   12035.5573400000      -0.669305102558742      -3.307692098933098E-004
   12036.5884800000      -0.669644827162512      -3.495318322773154E-004
   12037.6267500000      -0.670028427227775      -4.079658369363022E-004
   12038.6404300000      -0.670481952661613      -4.485344778106867E-004
   12039.7098000000      -0.670962746971779      -4.379456081884884E-004
   12040.7962200000      -0.671426071424290      -4.245267837211711E-004
   12041.8560700000      -0.671873896071876      -4.420573542646230E-004
   12042.9478600000      -0.672377219710020      -4.448325636833221E-004
   12043.9714100000      -0.672814868187138      -4.187830119841222E-004
   12045.0298700000      -0.673249130128801      -3.942567184170876E-004
   12046.1212700000      -0.673662464935794      -4.285498795100323E-004
   12047.1841000000      -0.674172325135738      -3.788819735805818E-004
   12048.3533400000      -0.674508156022564      -2.833552705313147E-004
   12049.3709200000      -0.674791972108441      -2.851121879559964E-004
   12050.4502400000      -0.675106007769489      -2.778835310599270E-004
   12051.4671900000      -0.675374491018096      -2.383511526273296E-004
   12052.5171100000      -0.675598648616320      -2.106552886774350E-004
   12053.5652300000      -0.675816454239953      -2.247613482889846E-004
   12054.5777700000      -0.676061805336285      -2.082076242971663E-004
   12055.6839200000      -0.676257581651475      -1.564029669404628E-004
   12056.6839100000      -0.676391211881077      -1.252135770632093E-004
   12057.6900400000      -0.676508775112693      -1.042733926340876E-004
   12058.7898300000      -0.676610803304093      -8.984441209161337E-005
   12059.8440800000      -0.676702303570115      -7.202529044239324E-005
   12060.8905600000      -0.676762108992484      -6.225711559922824E-005
   12061.9591300000      -0.676833980482463      -6.526115154163060E-005
   12062.9851000000      -0.676898801084834      -6.317326593011698E-005
   12064.0152300000      -0.676963871034542      -7.009112164363697E-005
   12065.0495400000      -0.677043500000000      -7.473245460293931E-005
   12066.0422100000      -0.677115352225373      -9.729951942022472E-005
   12067.1256800000      -0.677245507424249      -9.561840176301796E-005
   12068.1595500000      -0.677317808892162      -8.596417719864229E-005
   12069.1597300000      -0.677420362858880      -1.248410428123135E-004
   12070.1770300000      -0.677569673199215      -1.307560911907133E-004
   12071.2712500000      -0.677696456960551      -1.178290723170513E-004
   12072.2679900000      -0.677816049076267      -1.277320597752808E-004
   12073.3217300000      -0.677958368994479      -1.650763723761302E-004
   12074.3716800000      -0.678163318590071      -1.691241808032642E-004
   12075.4298000000      -0.678314894606305      -1.511238334902376E-004
   12076.4392400000      -0.678475776183242      -1.546405351213089E-004
   12077.4578300000      -0.678628510250747      -1.974534768064564E-004
   12078.5265000000      -0.678887912927241      -2.568145155439482E-004
   12079.5684200000      -0.679170540399109      -2.458050885191405E-004
   12080.5905600000      -0.679395269378250      -2.291977550741545E-004
   12081.6228700000      -0.679641415727021      -2.110478754394356E-004
   12082.6913200000      -0.679838630313058      -2.026829085391106E-004
   12083.7829400000      -0.680079224997269      -2.225412765415191E-004
   12084.8577900000      -0.680320759312447      -1.912228107574769E-004
   12085.9228400000      -0.680488422690009      -1.659815719820261E-004
   12086.9331300000      -0.680665227508044      -1.749795830824710E-004
   12087.9655800000      -0.680845860483555      -1.924507520908714E-004
   12089.0162200000      -0.681066119745217      -2.118822444014283E-004
   12090.0590500000      -0.681289429605742      -2.414639398749282E-004
   12091.0880700000      -0.681566396809047      -2.377706067642445E-004
   12092.1562800000      -0.681788089255366      -2.239139352184304E-004
   12093.2276900000      -0.682045487543119      -2.370235018672125E-004
   12094.3283300000      -0.682302916152597      -2.611725778514439E-004
   12095.3671200000      -0.682604247991352      -2.955908028157100E-004
   12096.4010900000      -0.682915604945041      -2.933585909966600E-004
   12097.4142300000      -0.683204785296567      -3.202829899746439E-004
   12098.5066500000      -0.683589979997412      -3.639004541831935E-004
   12099.5612300000      -0.683986079571698      -3.448388583985061E-004
   12100.5619000000      -0.684298710061136      -3.426661894276223E-004
   12101.6378900000      -0.684697680740635      -4.161223348135575E-004
   12102.6980500000      -0.685187609786648      -4.445901568224542E-004
   12103.7082800000      -0.685618155755419      -4.754249499543432E-004
   12104.7327400000      -0.686154952178070      -4.956926758166083E-004
   12105.8165300000      -0.686663199839209      -4.983335212124561E-004
   12106.8925000000      -0.687231232983844      -4.980790033272111E-004
   12107.9426000000      -0.687722150665813      -4.463670787272143E-004
   12108.9668000000      -0.688157132215248      -4.280397511286257E-004
   12109.9972100000      -0.688601605418879      -4.528799834156796E-004
   12111.0789800000      -0.689113696258619      -4.105998925983187E-004
   12112.1238200000      -0.689474791256478      -3.471567890725961E-004
   12113.2140300000      -0.689854893361128      -3.544238756244739E-004
   12114.2281300000      -0.690220608962193      -3.626672254085295E-004
   12115.2635000000      -0.690598168959586      -3.320862503358342E-004
   12116.3422500000      -0.690922679145753      -3.382844559341740E-004
   12117.4292400000      -0.691330805137181      -3.717931523081452E-004
   12118.5375300000      -0.691738869217152      -3.241153542322069E-004
   12119.6219200000      -0.692041486392099      -2.679677439209611E-004
   12120.6602700000      -0.692307695065883      -2.603617348067769E-004
   12121.7370200000      -0.692592177497389      -2.335586087985143E-004
   12122.7888300000      -0.692804838578227      -1.953717031230015E-004
   12123.8699900000      -0.693008899478999      -2.007485485724822E-004
   12124.9352700000      -0.693235733292825      -1.600140212594659E-004
   12125.9856500000      -0.693347434743217      -1.674513248604552E-004
   12127.0664100000      -0.693592595509288      -1.449673295165697E-004
   12128.1252300000      -0.693657603942104      -1.116061098705435E-004
   12129.2204900000      -0.693833003998438      -1.591920321148298E-004
   12130.2958200000      -0.694003144575092      -1.320398576464952E-004
   12131.3935100000      -0.694119929249901      -1.090008624588218E-004
   12132.5004700000      -0.694243453326512      -1.046469078379368E-004
   12133.5421600000      -0.694344778828427      -9.891370040521858E-005
   12134.6031800000      -0.694451440153491      -6.826036771533008E-005
   12135.6855600000      -0.694491088100588      -3.581527284525401E-005
   12136.7248000000      -0.694527426552665      -6.281327963746678E-005
   12137.7894300000      -0.694623239075219      -3.464295684942858E-005
   12138.8653500000      -0.694601581533949      -2.891563950683623E-005
   12139.9727500000      -0.694686371169267      -6.384716100670340E-005
   12141.0289000000      -0.694739718059145      -6.361646640737515E-006
   12142.1074500000      -0.694699951376351      -4.749179733646780E-005
   12143.1730700000      -0.694841548546240      -1.133982269479159E-004
   12144.1924700000      -0.694936388947502      -1.063632303837505E-004
   12145.2665600000      -0.695064218905416      -8.985418650251365E-005
   12146.3236800000      -0.695127887088318      -5.852101426657068E-005
   12147.3840300000      -0.695188135397495      -1.144241399051217E-004
   12148.3900300000      -0.695364327409811      -1.345979333688697E-004
   12149.4558100000      -0.695466992703890      -9.978682413518244E-005
   12150.5025900000      -0.695575133063006      -1.276498858613962E-004
   12151.5657200000      -0.695736322474568      -1.615106166738388E-004
   12152.5967100000      -0.695913355675595      -1.804006509747677E-004
   12153.6966400000      -0.696120741829743      -2.097465621696562E-004
   12154.8048600000      -0.696376507546850      -2.499796599772655E-004
   12155.8870000000      -0.696668287277771      -3.023667625504670E-004
   12156.9339300000      -0.697020267549993      -3.292273514124752E-004
   12157.9709400000      -0.697354377324473      -3.362200495222390E-004
   12159.0334300000      -0.697726161543965      -3.659456398216659E-004
   12160.0414600000      -0.698112075090637      -3.930276072634062E-004
   12161.1245800000      -0.698548041224894      -3.782111592388857E-004
   12162.1977800000      -0.698927619377527      -3.629366412064479E-004
   12163.2337100000      -0.699313521782962      -3.921456610908736E-004
   12164.3103400000      -0.699756050615321      -4.164484459722306E-004
   12165.3486700000      -0.700194293588255      -4.111393530469582E-004
   12166.4003600000      -0.700615340085976      -4.254578962441224E-004
   12167.4552900000      -0.701090571701641      -4.549345319211797E-004
   12168.5296600000      -0.701584032184796      -4.624018761239344E-004
   12169.5718000000      -0.702069249896476      -4.567846575816408E-004
   12170.5887700000      -0.702524602041069      -4.569342076225538E-004
   12171.6525700000      -0.703020024887671      -4.669610368937125E-004
   12172.7632300000      -0.703539990137353      -4.349516132087233E-004
   12173.7990300000      -0.703953631127359      -3.845940218239063E-004
   12174.8228300000      -0.704332099984701      -3.594669181826216E-004
   12175.9158400000      -0.704714554294437      -3.679867338041325E-004
   12176.9816400000      -0.705126513425505      -3.577149465419570E-004
   12178.0313900000      -0.705471318149594      -3.250819819291468E-004
   12179.1219500000      -0.705822289642248      -3.058941799314510E-004
   12180.1700600000      -0.706125524855388      -3.125709467835962E-004
   12181.2000700000      -0.706471849578178      -3.093105914746637E-004
   12182.2719300000      -0.706775655508291      -3.172243513173756E-004
   12183.3836200000      -0.707164524810497      -3.343476472458463E-004
   12184.4579100000      -0.707506532778217      -2.807141895933972E-004
   12185.4907200000      -0.707756017679389      -2.389079901048346E-004
   12186.5369300000      -0.708003227267805      -2.591846014225729E-004
   12187.5945200000      -0.708301290243862      -2.275581738430508E-004
   12188.6289100000      -0.708479274416321      -1.840069585001411E-004
   12189.6543300000      -0.708680309617050      -2.043628985322983E-004
   12190.7389400000      -0.708910486263111      -2.115449558415991E-004
   12191.8227500000      -0.709139027930196      -2.131427025486073E-004
   12192.9016600000      -0.709371454248767      -2.160584181346280E-004
   12194.0204800000      -0.709613865997483      -2.468414011065263E-004
   12195.0651900000      -0.709905503025303      -2.687918628586189E-004
   12196.1060000000      -0.710174436803312      -2.588624144697637E-004
   12197.1948800000      -0.710456799720775      -2.590171046609105E-004
   12198.2605400000      -0.710732499515988      -2.538881101252171E-004
   12199.3294400000      -0.710998739125124      -2.107894175832368E-004
   12200.3771400000      -0.711178656397245      -1.752422184972028E-004
   12201.4423600000      -0.711369011913431      -1.677971696590877E-004
   12202.4996200000      -0.711534802533903      -1.730786565506372E-004
   12203.5244400000      -0.711729375522662      -1.979956300985708E-004
   12204.5881900000      -0.711948330267058      -1.898410193309221E-004
   12205.6807100000      -0.712138724017415      -1.670478310356069E-004
   12206.7530300000      -0.712309962093597      -1.576401981720867E-004
   12207.7857400000      -0.712470561363773      -1.588432346698796E-004
   12208.8798900000      -0.712647799415687      -1.501785573784864E-004
   12209.9507500000      -0.712795699442283      -1.623449333996040E-004
   12210.9850600000      -0.712989563099132      -1.590398505038052E-004
   12212.0981900000      -0.713137227978849      -1.284818563721787E-004
   12213.1390000000      -0.713266305308846      -1.008562590476551E-004
   12214.2198500000      -0.713351210669420      -1.276043520253833E-004
   12215.2007600000      -0.713529394857678      -1.422099017648208E-004
   12216.2789300000      -0.713644032233946      -1.049801119831847E-004
   12217.3194800000      -0.713751818320539      -1.096485001305631E-004
   12218.4236000000      -0.713879192082721      -1.358702791524920E-004
   12219.5166800000      -0.714050352497893      -1.576884549316553E-004
   12220.5895100000      -0.714220731084142      -1.500362826452513E-004
   12221.6543600000      -0.714371082058578      -1.259673781947543E-004
   12222.7194100000      -0.714489029002959      -1.863781257750785E-004
   12223.7897600000      -0.714769073908358      -2.111980086163380E-004
   12224.9217300000      -0.714954154601295      -1.820149827620660E-004
   12226.0406100000      -0.715178762332308      -1.792373545970351E-004
   12227.1228400000      -0.715348675734872      -1.855883633967955E-004
   12228.2042500000      -0.715580308738888      -1.835234497199238E-004
   12229.2745900000      -0.715743572317807      -1.888607182539744E-004
   12230.3225900000      -0.715980379952794      -2.042537742084882E-004
   12231.3369700000      -0.716164821216659      -2.327323978482613E-004
   12232.3986600000      -0.716463548701995      -2.963193979269943E-004
   12233.4820800000      -0.716800458920346      -3.150854924849240E-004
   12234.5708300000      -0.717147967956206      -3.650247267962118E-004
   12235.6105600000      -0.717577406750837      -4.115116331728950E-004
   12236.6679100000      -0.718010940771900      -3.748066465216249E-004
   12237.7787900000      -0.718390073766025      -3.786239968326807E-004
   12238.8498700000      -0.718837083188029      -3.905107871334224E-004
   12239.9119200000      -0.719223084041383      -3.620861479373930E-004
   12242.0263200000      -0.719987231732645      -3.517078103946297E-004
   12244.0182600000      -0.720667315891519      -3.633108414386991E-004
   12245.9954700000      -0.721429266958941      -3.903844740198985E-004
   12248.0185800000      -0.722228978710630      -4.048883859043742E-004
   12250.0475200000      -0.723069894943045      -3.528685161028987E-004
   12252.1162500000      -0.723674917443009      -2.839555432247092E-004
   12254.2196700000      -0.724254600062710      -2.653888263001026E-004
   12256.2548900000      -0.724773266255088      -2.742920726704702E-004
   12258.2362700000      -0.725356321601798      -2.690128713041407E-004
   12260.2275900000      -0.725841973688918      -2.679246557062830E-004
   12262.2917000000      -0.726442871288289      -2.742676033359520E-004
   12264.3637600000      -0.726976391121808      -2.414476538917502E-004
   12266.3654200000      -0.727426461424901      -2.012229897966558E-004
   12268.4543900000      -0.727799519920560      -1.962814505960543E-004
   12270.4987300000      -0.728237753507464      -2.290621990366034E-004
   12272.5159100000      -0.728729860623191      -2.477727567344579E-004
   12274.5503200000      -0.729241627130922      -2.572495739491137E-004
   12276.6432600000      -0.729791619652230      -2.419409988541533E-004
   12278.6625700000      -0.730236549003460      -2.230744918656575E-004
   12280.7042900000      -0.730697531855931      -2.153369780816517E-004
   12282.7736000000      -0.731121805780463      -1.711176911631872E-004
   12284.8084800000      -0.731399831372826      -2.128539558505714E-004
   12286.8813100000      -0.731996148103450      -2.434048232749977E-004
   12288.9341900000      -0.732404049086260      -1.986966116311471E-004
   12290.9443000000      -0.732803450449541      -1.819922453019930E-004
   12293.0193100000      -0.733147509247388      -1.596806559988794E-004
   12295.1002400000      -0.733467073675033      -1.469489602744397E-004
   12297.1684500000      -0.733757221056421      -1.758645631082934E-004
   12299.2373800000      -0.734194649993651      -1.989838769189340E-004
   12301.2852600000      -0.734576399870760      -1.800389405709821E-004
   12303.2820000000      -0.734922839093463      -1.511866401666703E-004
   12305.3406400000      -0.735189519147559      -1.732586501732207E-004
   12307.4456900000      -0.735644234402603      -1.871232939568119E-004
   12309.4839900000      -0.735964836447575      -1.746004297379550E-004
   12311.5126200000      -0.736354322128317      -2.357648110470218E-004
   12313.5679200000      -0.736927683432354      -2.678794930623168E-004
   12315.6135600000      -0.737452879856596      -2.729193928028432E-004
   12317.6526300000      -0.738042480005330      -2.806651178798924E-004
   12319.7506700000      -0.738614022322428      -2.557236993285909E-004
   12321.8224000000      -0.739108789015079      -2.527057113507703E-004
   12323.9125700000      -0.739665758222499      -2.871183349988561E-004
   12326.0024400000      -0.740308955140108      -3.355319927626238E-004
   12328.0909700000      -0.741067745101058      -3.612971289342933E-004
   12330.1552300000      -0.741809346244175      -3.524978918047432E-004
   12332.1879100000      -0.742511907813909      -3.189855491118971E-004
   12334.3099300000      -0.743134635505070      -3.107207704713552E-004
   12336.4003800000      -0.743820809737896      -3.232603122753377E-004
   12338.4780100000      -0.744482010347459      -3.619872443936903E-004
   12340.5459400000      -0.745321449578765      -3.740618823076628E-004
   12342.6448800000      -0.746040677582990      -3.319487342733304E-004
   12344.6578600000      -0.746686396218198      -2.853005164482907E-004
   12346.7959000000      -0.747224965732777      -2.656143312006561E-004
   12348.7935700000      -0.747784900063888      -2.573759679694352E-004
   12350.8327100000      -0.748263943614036      -2.644196525623492E-004
   12352.9499900000      -0.748883939196191      -2.788650896262870E-004
   12354.9727800000      -0.749418464605645      -2.564569564905763E-004
   12357.0454800000      -0.749934256096929      -2.482748486842022E-004
   12359.2110800000      -0.750470727896823      -2.054152083208118E-004
   12361.3125200000      -0.750810771007442      -1.706017229398720E-004
   12363.3769700000      -0.751181435908401      -1.782598850143909E-004
   12365.4715100000      -0.751552152086618      -1.771428476627489E-004
   12367.5164500000      -0.751914715183444      -1.975331414738182E-004
   12369.5788900000      -0.752363495761245      -1.885099801344267E-004
   12371.6095200000      -0.752686299727833      -1.754604012723697E-004
   12373.7405900000      -0.753093709313220      -1.959530197532687E-004
   12375.8125700000      -0.753509900067507      -2.067658945828312E-004
   12377.8527000000      -0.753943953415993      -2.014293114402771E-004
   12379.9671200000      -0.754346748213351      -1.977272420438733E-004
   12382.0433900000      -0.754772566991954      -2.141965500511809E-004
   12384.1656200000      -0.755246052428741      -2.322916297412380E-004
   12386.2517900000      -0.755750143086557      -2.371486129400946E-004
   12388.3366000000      -0.756235194550342      -2.120881510033605E-004
   12390.3968700000      -0.756629265439518      -2.189294451734770E-004
   12392.4820900000      -0.757142764376014      -2.258286889668151E-004
   12394.5469700000      -0.757566477081599      -2.364960224837805E-004
   12396.5778000000      -0.758111383500261      -2.677480521499533E-004
   12398.7126500000      -0.758681829787479      -2.548749804290480E-004
   12400.8198000000      -0.759192563167241      -2.276930887771761E-004
   12402.9266500000      -0.759641328463586      -2.140418541564590E-004
   12405.0712000000      -0.760102540706002      -2.225171218252750E-004
   12407.1014300000      -0.760570288493440      -2.531601845389177E-004
   12409.1450300000      -0.761133872260582      -2.837025085995189E-004
   12411.2907800000      -0.761758817597841      -2.758585586241750E-004
   12413.3516900000      -0.762294315424804      -2.448783142957080E-004
   12415.4587900000      -0.762779472860609      -2.388927713586577E-004
   12417.5751000000      -0.763303257544288      -2.667525530614714E-004
   12419.6308000000      -0.763892367179507      -2.950075424072278E-004
   12421.7856600000      -0.764545404502046      -3.143007449092394E-004
   12423.8809400000      -0.765228189347475      -2.886505705460428E-004
   12425.9218800000      -0.765739326764950      -2.615101202724602E-004
   12428.0218100000      -0.766311068759208      -2.675572018815742E-004
   12430.1161300000      -0.766861528558942      -2.817082295796109E-004
   12432.1549900000      -0.767475419579542      -2.729851278016566E-004
   12434.2062100000      -0.767978059570461      -2.934067304358620E-004
   12436.3175800000      -0.768696751501587      -3.143759777486015E-004
   12438.4371300000      -0.769308159182237      -2.865898669590832E-004
   12440.5691200000      -0.769915199784558      -2.476788114335640E-004
   12442.6944400000      -0.770362604662941      -2.448895054734440E-004
   12444.8481600000      -0.770963091774059      -2.794218315917645E-004
   12446.9112300000      -0.771540867848179      -2.840125664946618E-004
   12449.0143700000      -0.772146347768715      -2.798220118441685E-004
   12451.1076200000      -0.772715110140462      -2.523486251893501E-004
   12453.2111900000      -0.773205409525882      -2.219281337018174E-004
   12455.3336000000      -0.773652973994923      -2.225045444908601E-004
   12457.4067200000      -0.774138934017430      -2.242150392025097E-004
   12459.5050700000      -0.774588280304505      -2.141628928447142E-004
   12461.6041600000      -0.775037869910372      -2.045343357074324E-004
   12463.7210500000      -0.775450592973161      -2.139597262040816E-004
   12465.7789800000      -0.775931113254523      -2.429619126321756E-004
   12467.8802900000      -0.776461129878657      -1.980390033361628E-004
   12469.9972900000      -0.776766503162686      -1.657062282605870E-004
   12472.1054300000      -0.777161261891930      -1.942325660738759E-004
   12474.1801500000      -0.777578950794014      -2.044781054237842E-004
   12476.2331600000      -0.778005292302031      -2.064861080904874E-004
   12478.2975700000      -0.778429140825188      -2.060287422920292E-004
   12480.4150800000      -0.778866888019997      -2.146105774193773E-004
   12482.6017900000      -0.779352871964728      -1.868471534051989E-004
   12484.7786100000      -0.779682201179295      -1.631895626422307E-004
   12486.8406400000      -0.780044608042334      -2.045269665777394E-004
   12488.9087400000      -0.780526924139767      -2.321505169492804E-004
   12491.0568100000      -0.781023394087380      -2.309409544851290E-004
   12493.1456600000      -0.781505402488644      -2.150734055923239E-004
   12495.2331000000      -0.781921603000421      -1.930440436260695E-004
   12497.3941800000      -0.782325553968870      -2.003587828699753E-004
   12499.5013500000      -0.782776784375406      -2.327079944666530E-004
   12501.6285700000      -0.783310930373560      -2.550386076464277E-004
   12503.7061100000      -0.783849160511293      -2.592281308106604E-004
   12505.7725700000      -0.784385171747639      -2.529073844248748E-004
   12507.8504800000      -0.784897302288082      -2.373075539364362E-004
   12509.9635000000      -0.785379711094658      -2.208554576674406E-004
   12512.0955400000      -0.785834846957208      -2.405706292989819E-004
   12514.1670600000      -0.786390964169154      -2.787581341991644E-004
   12516.2296200000      -0.786987255384638      -3.008297140602203E-004
   12518.3596000000      -0.787652204778540      -2.996910532185999E-004
   12520.4978800000      -0.788266414719449      -2.533497949302190E-004
   12522.6089300000      -0.788728771662631      -2.318992085514797E-004
   12524.7035000000      -0.789241694668917      -2.591099713665508E-004
   12526.8763800000      -0.789834510509939      -2.825333175662047E-004
   12528.9767600000      -0.790449032993540      -2.960740961725804E-004
   12531.0444500000      -0.791068568067973      -2.835600300832830E-004
   12533.1214900000      -0.791624312757027      -2.758811007958059E-004
   12535.2273000000      -0.792222537330437      -2.632111861745368E-004
   12537.3727100000      -0.792743281415916      -2.416743696095176E-004
   12539.5253800000      -0.793261273104968      -2.254995620840604E-004
   12541.6129300000      -0.793699449169056      -2.349541154847477E-004
   12543.7217400000      -0.794247225157024      -2.778640976571272E-004
   12545.8334600000      -0.794872182929141      -2.770144177732134E-004
   12547.9297100000      -0.795412893516581      -2.613815502414827E-004
   12550.1294500000      -0.795995075455163      -2.664560563460359E-004
   12552.2510100000      -0.796564330072869      -2.482352561258806E-004
   12554.3635800000      -0.797046135800183      -2.501080048894610E-004
   12556.5429500000      -0.797637778623374      -2.652743244546227E-004
   12558.6613700000      -0.798186229139081      -2.660176283718346E-004
   12560.8423100000      -0.798781484174091      -2.521663936411967E-004
   12562.9665900000      -0.799271860940313      -2.289606682355370E-004
   12565.1566900000      -0.799769307501913      -2.236396764871313E-004
   12567.3183000000      -0.800245075956879      -2.231470063152067E-004
   12569.4600800000      -0.800729596097420      -2.401164321060230E-004
   12571.5537700000      -0.801262081901571      -2.574110679581846E-004
   12573.6525300000      -0.801808779129281      -2.462383471967648E-004
   12575.8628400000      -0.802323140176326      -2.072271175340562E-004
   12577.9968100000      -0.802709031751442      -1.923263366696069E-004
   12580.1163100000      -0.803141194479560      -1.940680200421571E-004
   12582.3159600000      -0.803547240640207      -1.903233970005470E-004
   12584.4217600000      -0.803960622349176      -2.072820993582115E-004
   12586.5261300000      -0.804419933516462      -2.110544713668929E-004
   12588.7477300000      -0.804873637660675      -1.994644258086102E-004
   12590.9189600000      -0.805296146830087      -1.836219236425696E-004
   12593.0746300000      -0.805668151362084      -1.679234061396949E-004
   12595.2943000000      -0.806030868825906      -1.751256572887015E-004
   12597.4537300000      -0.806435044127917      -1.990522720331754E-004
   12599.6215700000      -0.806892221751107      -1.966437452581014E-004
   12601.7181800000      -0.807273621547383      -2.009262610441645E-004
   12603.8089800000      -0.807733582385866      -2.264296242112085E-004
   12605.9725700000      -0.808236941476331      -2.051870843716868E-004
   12608.1445800000      -0.808623191508868      -1.783533297030509E-004
   12610.2496400000      -0.808999771152204      -2.027635203790907E-004
   12612.4374100000      -0.809493620832057      -2.415300263813867E-004
   12614.5745800000      -0.810044374024502      -2.533438897533380E-004
   12616.6709600000      -0.810566164856522      -2.446049409615067E-004
   12618.8008900000      -0.811078150332537      -2.507414249902927E-004
   12621.0027100000      -0.811652314024224      -2.317502890530311E-004
   12623.1812600000      -0.812093302346196      -2.206354215752898E-004
   12625.2905000000      -0.812598352378500      -2.470207253546524E-004
   12627.3939000000      -0.813133911734654      -2.878409787357622E-004
   12629.4991300000      -0.813809768556837      -2.864472490982580E-004
   12631.6105800000      -0.814341768120982      -2.562198188103814E-004
   12633.8401400000      -0.814922021352491      -2.576744144131173E-004
   12635.9564100000      -0.815461577321371      -2.323126545224771E-004
   12638.0843900000      -0.815908014336448      -2.462643841578869E-004
   12640.2361900000      -0.816515534707402      -2.952744687532581E-004
   12642.3667900000      -0.817172497721437      -2.757417224748285E-004
   12644.5695700000      -0.817710428372740      -2.783858239953484E-004
   12646.6973000000      -0.818378050316107      -2.727576512410461E-004
   12648.8763700000      -0.818885141025105      -2.376621298902230E-004
   12650.9880300000      -0.819397794346691      -2.830081322315360E-004
   12653.2324700000      -0.820117952749919      -2.248562931734732E-004
   12655.4304200000      -0.820396693694922      -2.128758252027800E-004
   12657.5531800000      -0.821037727456631      -2.962624891242001E-004
   12659.6700800000      -0.821652745919562      -2.677300598063974E-004
   12661.7954400000      -0.822173507980145      -2.372372818671677E-004
   12664.0306800000      -0.822687242810872      -2.159114870306939E-004
   12666.1873500000      -0.823121771799150      -2.260538314374907E-004
   12668.3690600000      -0.823667950232104      -2.537666558723348E-004
   12670.5339000000      -0.824224781257232      -2.529596479167300E-004
   12672.6542500000      -0.824751930385760      -2.422298529061154E-004
   12674.7477400000      -0.825245499100602      -2.423466714550115E-004
   12676.9535400000      -0.825793849006880      -2.250872790976484E-004
   12679.1170400000      -0.826228972949163      -2.053515139347674E-004
   12681.3487500000      -0.826696412034441      -2.171257114636850E-004
   12683.5082900000      -0.827182426229628      -2.492611730238550E-004
   12685.6697200000      -0.827773462085242      -2.556344748036613E-004
   12687.8551500000      -0.828293633502773      -2.279150973397055E-004
   12690.0613100000      -0.828774371747568      -2.121828599563090E-004
   12692.2483300000      -0.829225790999476      -2.031496774340018E-004
   12694.3829600000      -0.829652313551051      -2.126061319199612E-004
   12696.5017200000      -0.830130087794923      -2.348904231169980E-004
   12698.6289900000      -0.830649665334318      -2.296996047054929E-004
   12700.7814000000      -0.831113128599189      -2.304778400078849E-004
   12703.0133500000      -0.831660163156935      -2.260019138419887E-004
   12705.3016300000      -0.832134709230195      -2.002000400933162E-004
   12707.4453100000      -0.832547441726627      -1.936836833752966E-004
   12709.5808600000      -0.832963526258605      -1.954137459699079E-004
   12711.7005000000      -0.833378964344341      -2.026268843799016E-004
   12713.8931300000      -0.833837308093310      -2.109784210361931E-004
   12716.1210300000      -0.834311600783884      -2.254726954061123E-004
   12718.3252700000      -0.834836634645527      -2.207038922826508E-004
   12720.4680000000      -0.835270993982520      -1.928427324784313E-004
   12722.6048100000      -0.835661912832878      -1.915552168282937E-004
   12724.6967200000      -0.836081027359026      -2.001704101862339E-004
   12726.8806800000      -0.836517815484681      -2.114240668647109E-004
   12729.0175200000      -0.836994548467135      -2.407048645005240E-004
   12731.1818700000      -0.837553132840822      -2.366000716890170E-004
   12733.3837800000      -0.838027605896148      -2.127623625827554E-004
   12735.6668100000      -0.838507359271264      -1.913755676353803E-004
   12737.9138800000      -0.838894556355093      -1.947397277350524E-004
   12740.1294000000      -0.839376402832857      -2.250623351927189E-004
   12742.2619700000      -0.839873147644121      -2.351269495168283E-004
   12744.5226500000      -0.840409374303822      -2.298480507685904E-004
   12746.7260500000      -0.840899207730596      -2.104287833089621E-004
   12748.9190700000      -0.841334507615337      -2.103944539009989E-004
   12751.1497900000      -0.841829938092096      -2.258669374400194E-004
   12753.3421700000      -0.842333539666328      -2.348154215541269E-004
   12755.5622100000      -0.842866042354470      -2.412501490197800E-004
   12757.7696100000      -0.843401660226104      -2.473439595109047E-004
   12760.0002200000      -0.843963757320219      -2.430659676588112E-004
   12762.2630200000      -0.844493855275842      -2.237996707095049E-004
   12764.4526900000      -0.844960218640063      -2.229632600898695E-004
   12766.6924700000      -0.845481459888247      -2.384010247887266E-004
   12768.8702700000      -0.846013374239149      -2.535644543695037E-004
   12771.0387500000      -0.846583522004984      -2.617108585417333E-004
   12773.3224900000      -0.847178568557766      -2.548495765912237E-004
   12775.4925600000      -0.847718573597702      -2.504919456563605E-004
   12777.7442700000      -0.848286188833230      -2.393083741535582E-004
   12779.9462500000      -0.848784378910586      -2.265619160478976E-004
   12782.1996100000      -0.849295599200275      -2.446884641168788E-004
   12784.4346800000      -0.849882645953582      -2.582163186040214E-004
   12786.6514500000      -0.850445136936089      -2.570637581440098E-004
   12788.8409000000      -0.851015325425991      -2.556466705662834E-004
   12791.0637800000      -0.851573134410029      -2.286685630481969E-004
   12793.2626900000      -0.852026449791392      -2.092011839320890E-004
   12795.4995700000      -0.852501106929703      -2.348882536244339E-004
   12797.7293800000      -0.853075622804974      -2.645696962779845E-004
   12799.9859300000      -0.853688061832297      -2.523086679425285E-004
   12802.1993400000      -0.854203432458330      -2.167941250097763E-004
   12804.3684200000      -0.854638159917211      -2.054016052534753E-004
   12806.6443500000      -0.855116444647698      -2.078587444056223E-004
   12808.8511400000      -0.855569932467933      -1.998126713881358E-004
   12811.1423000000      -0.856015192052968      -2.111712998545875E-004
   12813.3202100000      -0.856513671788974      -2.453522730502607E-004
   12815.5237600000      -0.857090193223247      -2.430632948232831E-004
   12817.7846300000      -0.857598808423649      -2.184415097157102E-004
   12820.0440800000      -0.858077618748445      -1.910694213607741E-004
   12822.2772100000      -0.858457203084666      -1.883628671400607E-004
   12824.5269900000      -0.858922032529176      -2.073308339637825E-004
   12826.7142000000      -0.859377127921655      -2.287126162232797E-004
   12828.8784000000      -0.859917254894536      -2.328143979317690E-004
   12831.0807600000      -0.860393725959088      -2.206770106912101E-004
   12833.3281200000      -0.860899205802549      -2.258208038909710E-004
   12835.5899200000      -0.861411988095161      -2.070451236649474E-004
   12837.8389300000      -0.861833147016828      -1.868014015490619E-004
   12840.0649400000      -0.862247928103121      -2.043063090872529E-004
   12842.2588400000      -0.862736162515426      -2.351727313205325E-004
   12844.4841900000      -0.863287215196009      -2.328247839766776E-004
   12846.6728500000      -0.863763853440147      -1.997095103646708E-004
   12848.8520700000      -0.864159522372141      -1.910862263575928E-004
   12851.1036900000      -0.864610525935341      -1.915496972207054E-004
   12853.3129100000      -0.865013994923491      -1.963420457409908E-004
   12855.5354500000      -0.865480666759974      -2.227076667386944E-004
   12857.7348900000      -0.865998803771656      -2.235805842347811E-004
   12859.9931800000      -0.866477328637735      -1.970497653598062E-004
   12862.1965000000      -0.866877962975283      -1.981881463464896E-004
   12864.4644100000      -0.867363473423324      -2.073766741006894E-004
   12866.7684800000      -0.867826084981738      -2.042374306389755E-004
   12868.9981800000      -0.868289438959232      -2.174977175218557E-004
   12871.2035900000      -0.868790711283696      -2.291435090201916E-004
   12873.4828100000      -0.869317062814089      -2.344245634026645E-004
   12875.6818400000      -0.869840523084754      -2.208120445643608E-004
   12877.8725200000      -0.870286363654234      -1.861621232610427E-004
   12880.0914000000      -0.870661416137001      -1.818852987969431E-004
   12882.3716400000      -0.871104687439757      -2.027659707950257E-004
   12884.6652900000      -0.871588845383161      -2.219754941361854E-004
   12886.9369400000      -0.872118072163137      -2.507091812870678E-004
   12889.2197100000      -0.872730680292598      -2.523239219471118E-004
   12891.4999000000      -0.873269416126025      -2.288147906207117E-004
   12893.7706300000      -0.873771998099530      -2.072338090409704E-004
   12896.0788500000      -0.874218329375933      -2.018124555417663E-004
   12898.3226300000      -0.874690648397156      -2.471247301122431E-004
   12900.5695200000      -0.875328084987706      -2.573584071927824E-004
   12902.7782600000      -0.875837342236996      -2.355795267214410E-004
   12905.0703600000      -0.876388390744755      -2.381338194936144E-004
   12907.3369200000      -0.876922913354569      -2.086300632086160E-004
   12909.6433400000      -0.877342451851207      -1.887477881033446E-004
   12911.9058400000      -0.877785286898590      -2.194299436582582E-004
   12914.1772200000      -0.878337320884160      -2.479186182736123E-004
   12916.4747100000      -0.878917994836062      -2.554785108660164E-004
   12918.7673100000      -0.879509990242101      -2.418028495628787E-004
   12921.1090500000      -0.880038591453905      -2.106405979093213E-004
   12923.4505300000      -0.880496466503042      -1.982415953053056E-004
   12925.7721900000      -0.880963019766637      -2.110180103176869E-004
   12927.9773100000      -0.881451698611788      -2.352917592642197E-004
   12930.2396400000      -0.882014173936562      -2.518461769717738E-004
   12932.4809100000      -0.882585913054398      -2.377275522769938E-004
   12934.7356700000      -0.883083004143426      -2.128310834082126E-004
   12937.1042300000      -0.883569899258941      -1.995775248320732E-004
   12939.4321800000      -0.884020321984575      -1.947918986224691E-004
   12941.7275500000      -0.884470484539680      -2.100628563399281E-004
   12944.0053100000      -0.884980966734789      -2.264394388564729E-004
   12946.3370200000      -0.885514250339906      -2.319286367168966E-004
   12948.6545900000      -0.886059267906904      -2.314475105280574E-004
   12950.9949800000      -0.886592323586045      -2.036163204118801E-004
   12953.3327900000      -0.887011825777055      -1.916984951221635E-004
   12955.7235200000      -0.887498777588170      -2.108036096314534E-004
   12958.0411400000      -0.888004362952463      -2.366953020824133E-004
   12960.3422700000      -0.888592014014663      -2.428631662415933E-004
   12962.7044500000      -0.889136909184229      -2.220004773372006E-004
   12964.9806800000      -0.889621743248749      -2.018386710313833E-004
   12967.2809200000      -0.890060617807044      -1.927714431722514E-004
   12969.5611500000      -0.890504727061056      -1.939899460374039E-004
   12971.9407600000      -0.890964579917187      -2.112145912419855E-004
   12974.1855900000      -0.891481476265379      -2.142345245145420E-004
   12976.4590900000      -0.891932562196337      -2.131554473596700E-004
   12978.7531400000      -0.892455074428967      -2.173043419436086E-004
   12981.0910000000      -0.892939096350829      -2.044017133070483E-004
   12983.3565800000      -0.893396025452073      -1.900123618866811E-004
   12985.6601600000      -0.893807293234267      -1.833885141834712E-004
   12987.9727300000      -0.894242574341821      -2.044097250326293E-004
   12990.2512800000      -0.894745762811059      -2.132798366713869E-004
   12992.5585900000      -0.895220645813619      -2.055825579228294E-004
   12994.8434800000      -0.895689839033552      -1.992445192405946E-004
   12997.1990500000      -0.896145232035374      -1.821999181743511E-004
   12999.5671600000      -0.896550493143034      -1.977882819850913E-004
   13004.0613700000      -0.897502518518606      -2.143476974449580E-004
   13008.1168700000      -0.898383103795356      -2.005207300479507E-004
   13012.1423500000      -0.899122922527709      -1.851276666030615E-004
   13016.2381600000      -0.899886579262863      -2.098434366175881E-004
   13020.2922600000      -0.900833127650233      -2.224500096499314E-004
   13024.3244600000      -0.901685376775895      -2.032390038649099E-004
   13028.3943600000      -0.902479790383447      -1.911672650518416E-004
   13032.5125900000      -0.903250679193884      -2.086872223044343E-004
   13036.5609000000      -0.904184042931885      -2.241756738952076E-004
   13040.6435100000      -0.905073433664272      -2.100562967710681E-004
   13044.7428600000      -0.905902715149814      -2.127612740702057E-004
   13048.8249500000      -0.906814127262401      -2.279941790542169E-004
   13052.8509900000      -0.907751321592829      -2.179013755459048E-004
   13056.9301700000      -0.908580265849503      -2.095907399140039E-004
   13060.9790900000      -0.909454896085924      -2.207459900110988E-004
   13065.1153600000      -0.910387113719482      -2.229045258340118E-004
   13069.1825500000      -0.911283484447422      -2.058060483516435E-004
   13073.2735900000      -0.912066126797326      -2.028491278631952E-004
   13077.3071700000      -0.912931556528642      -2.282982343009648E-004
   13081.4141500000      -0.913924602271547      -2.337061264496359E-004
   13085.4872400000      -0.914843289002429      -1.997613612291087E-004
   13089.6433100000      -0.915568470474919      -1.946758717012951E-004
   13093.7867700000      -0.916459007239890      -2.220615925272072E-004
   13097.8146800000      -0.917383017910248      -2.023140471848085E-004
   13106.2976000000      -0.918990123890831      -1.948946376978518E-004
   13110.4686900000      -0.919849216604623      -2.210584872002699E-004
   13114.6295100000      -0.920831963310920      -2.158615582307181E-004
   13118.7206900000      -0.921630506183143      -2.047174325460513E-004
   13122.8359200000      -0.922511958496540      -2.179355373739864E-004
   13126.8825400000      -0.923409263348859      -2.090066685633923E-004
   13131.0614000000      -0.924231138668675      -1.968512345776657E-004
   13135.3132500000      -0.925068859020725      -1.991397054380658E-004
   13139.4369900000      -0.925899051194145      -2.100367190656613E-004
   13143.5610500000      -0.926801199872235      -2.063976023553435E-004
   13147.6770900000      -0.927599788077313      -1.820320052392762E-004
   13151.8137200000      -0.928303449940913      -1.975423490910875E-004
   13155.9256100000      -0.929229220094638      -2.129838877726291E-004
   13160.0796100000      -0.930063951329014      -1.932534739500609E-004
   13164.2411400000      -0.930836225154874      -1.927244344591533E-004
   13168.3180900000      -0.931651707727817      -2.187403876837771E-004
   13172.5090100000      -0.932644742243993      -2.159979583846245E-004
   13176.6092800000      -0.933442587840396      -1.920521384571860E-004
   13180.8848400000      -0.934253338306847      -1.971579253853382E-004
   13185.0349400000      -0.935103773485998      -2.195389969761726E-004
   13189.1805800000      -0.936074576745622      -2.088910077423183E-004
   13193.3805900000      -0.936847104724763      -1.963767227419298E-004
   13197.5942100000      -0.937726817831385      -2.162284013353508E-004
   13201.7192300000      -0.938650155521274      -2.200700507671161E-004
   13205.9155600000      -0.939558097748336      -1.937823130347159E-004
   13210.0869700000      -0.940271675533347      -1.925146872119583E-004
   13214.1924500000      -0.941151520637774      -2.225073038447194E-004
   13218.4392600000      -0.942130121062176      -2.163586039239761E-004
   13222.6792800000      -0.942987719328314      -2.003661578564560E-004
   13227.0030400000      -0.943846012757504      -2.016441190864718E-004
   13231.2306700000      -0.944712056831829      -2.216418332953618E-004
   13235.4550900000      -0.945719340614608      -2.174834885182433E-004
   13239.6823200000      -0.946550151157564      -1.972390775863050E-004
   13243.8796800000      -0.947380998975251      -2.138090789173389E-004
   13248.1028400000      -0.948350534782769      -2.175649652737231E-004
   13252.3664000000      -0.949227411917339      -2.000452155533379E-004
   13256.5782400000      -0.950045998002670      -1.847139276520351E-004
   13260.7273100000      -0.950771788442184      -1.958161660072892E-004
   13264.9204100000      -0.951679529748251      -2.098170978117897E-004
   13269.2232400000      -0.952554379817996      -1.955752209642243E-004
   13273.4681700000      -0.953351259799000      -1.946973677925072E-004
   13277.6660300000      -0.954198168807821      -2.053552846447880E-004
   13281.9019900000      -0.955083189305743      -2.058565856336937E-004
   13286.1273600000      -0.955939989311541      -1.876654978336210E-004
   13290.3982300000      -0.956677640415057      -1.853187545513704E-004
   13294.6414500000      -0.957517809866479      -1.974985216038675E-004
   13298.8398800000      -0.958344853809954      -1.815321598074688E-004
   13303.1730600000      -0.959066571456414      -1.872216345488790E-004
   13307.3379800000      -0.959935881982514      -2.070211361458317E-004
   13311.6218800000      -0.960815655771906      -1.969423921970293E-004
   13315.8756000000      -0.961617301288983      -1.870865676197755E-004
   13320.2706100000      -0.962433716981876      -1.898410335601491E-004
   13324.5754700000      -0.963268893601622      -2.034617060111066E-004
   13328.8255700000      -0.964174323738333      -1.999183126512792E-004
   13333.0686700000      -0.964966839814632      -1.849163591911443E-004
   13337.3661900000      -0.965753624093968      -1.880096310862799E-004
   13341.5707200000      -0.966565307098609      -1.908109463706079E-004
   13345.8063000000      -0.967364089470540      -1.855335802763042E-004
   13350.0705500000      -0.968142310990249      -1.817250967124286E-004
   13354.3967700000      -0.968925193462095      -1.988701590424974E-004
   13358.7493500000      -0.969868265326547      -2.101416288293800E-004
   13363.0185300000      -0.970736984151871      -1.908610019591077E-004
   13367.3782100000      -0.971515178191912      -1.926666416691246E-004
   13371.6840300000      -0.972406536935255      -2.022776010599151E-004
   13376.0261200000      -0.973264456680894      -1.988758930506580E-004
   13380.3835300000      -0.974136657766849      -1.954075436242001E-004
   13384.7996000000      -0.974978860856730      -1.968508830040503E-004
   13389.0242500000      -0.975837591128640      -2.099565499905580E-004
   13393.3347300000      -0.976770867305251      -1.925781922124304E-004
   13397.6877900000      -0.977506000000000      -1.688772253883703E-004
