# XDI/1.0 Athena/0.9.21
# Element.edge:                  L3
# Element.symbol:                Au
# Column.1:                      energy eV
# Column.2:                      xmu
# Column.3:                      bkg
# Column.4:                      pre_edge
# Column.5:                      post_edge
# Column.6:                      der
# Column.7:                      sec
# Column.8:                      i0
# Athena.e0:                     11920.08429
# Athena.eshift:                 0
# Athena.rbkg:                   1.0
# Athena.importance:             1
# Athena.standard:               None
# Athena.bkg_kweight:            2
# Athena.edge_step:              0.9178349
# Athena.fixed_step:             no
# Athena.pre_edge_range:         -150.000 -30.000
# Athena.pre_edge_line:          4.952595 - 0.00032483 * E
# Athena.normalization_range:    150.000 1676.466
# Athena.post_edge_polynomial:   13.110132 - 0.00131986 * E + 3.25230595e-008 * E^2 + 0 * E^3
# Athena.spline_range_energy:    0.000 1776.434
# Athena.clamps:                 0 24
# Athena.spline_range_k:         0.000 21.593
# Athena.kweight:                2
# Athena.window:                 hanning
# Athena.phase_correction:       no
# Athena.k_range:                3.000 19.593
# Athena.dk:                     1
# Athena.r_range:                1 3
# Athena.dr:                     0.0
# Athena.window:                 hanning
# Athena.plot_multiplier:        1
# Athena.y_offset:               0
# ///
#------------------------
#   e         xmu        bkg        pre_edge        post_edge        der        sec        i0
  11699.999        1.1639840        1.1639840        1.1520861        2.1198436      -0.46639548E-03  -0.34134887E-06    1.0000000
  11709.980        1.1593290        1.1593290        1.1488440        2.1142694      -0.46980241E-03  -0.71356500E-06    1.0000000
  11720.010        1.1545830        1.1545830        1.1455860        2.1086743      -0.48067430E-03   0.36801205E-06    1.0000000
  11730.035        1.1496890        1.1496890        1.1423295        2.1030882      -0.46242187E-03   0.93778984E-06    1.0000000
  11740.091        1.1452970        1.1452970        1.1390631        2.0974918      -0.46184233E-03  -0.18148473E-06    1.0000000
  11750.105        1.1404200        1.1404200        1.1358103        2.0919252      -0.46606420E-03   0.19897710E-05    1.0000000
  11760.208        1.1359210        1.1359210        1.1325283        2.0863153      -0.42181331E-03   0.29283270E-05    1.0000000
  11770.339        1.1318850        1.1318850        1.1292376        2.0806972      -0.40681223E-03   0.40092754E-06    1.0000000
  11780.483        1.1276730        1.1276730        1.1259425        2.0750782      -0.41368462E-03   0.12277446E-06    1.0000000
  11790.656        1.1234800        1.1234800        1.1226379        2.0694498      -0.40431777E-03  -0.18053294E-06    1.0000000
  11800.819        1.1194510        1.1194510        1.1193369        2.0638342      -0.41735584E-03   0.37068863E-06    1.0000000
  11811.049        1.1149690        1.1149690        1.1160138        2.0581877      -0.39675844E-03   0.23027650E-05    1.0000000
  11821.325        1.1113150        1.1113150        1.1126759        2.0525231      -0.37013493E-03   0.10485375E-05    1.0000000
  11831.531        1.1073880        1.1073880        1.1093607        2.0469037      -0.37528259E-03   0.16192331E-05    1.0000000
  11841.933        1.1035810        1.1035810        1.1059817        2.0411831      -0.33676501E-03   0.27594637E-05    1.0000000
  11852.198        1.1004280        1.1004280        1.1026474        2.0355451      -0.31825212E-03   0.16148131E-05    1.0000000
  11862.533        1.0970250        1.0970250        1.0992902        2.0298753      -0.30349983E-03   0.72971854E-05    1.0000000
  11872.857        1.0941580        1.0941580        1.0959367        2.0242189      -0.16749964E-03   0.18953938E-04    1.0000000
  11883.154        1.0935710        1.0935710        1.0925919        2.0185837       0.87348176E-04   0.32894729E-04    1.0000000
  11893.498        1.0959610        1.0959610        1.0892317        2.0129299       0.51149789E-03   0.50650963E-04    1.0000000
  11901.195        1.1027990        1.1027990        1.0867316        2.0087275       0.10011488E-02   0.15088499E-03    1.0000000
  11902.168        1.1046410        1.1046410        1.0864155        2.0081965       0.18196768E-02   0.57043422E-03    1.0000000
  11903.153        1.1063620        1.1063620        1.0860955        2.0076590       0.21180818E-02   0.54836252E-03    1.0000000
  11904.166        1.1088710        1.1088710        1.0857667        2.0071068       0.29148061E-02   0.65442828E-03    1.0000000
  11905.135        1.1121390        1.1121390        1.0854517        2.0065778       0.34151259E-02   0.31682517E-03    1.0000000
  11906.129        1.1155780        1.1155780        1.0851288        2.0060356       0.35370222E-02   0.35186146E-03    1.0000000
  11907.075        1.1190010        1.1190010        1.0848216        2.0055197       0.40977548E-02   0.75219280E-03    1.0000000
  11908.078        1.1235610        1.1235610        1.0844960        2.0049731       0.50023991E-02   0.89039039E-03    1.0000000
  11909.118        1.1292180        1.1292180        1.0841581        2.0044060       0.59163059E-02   0.10572483E-02    1.0000000
  11910.094        1.1354920        1.1354920        1.0838409        2.0038736       0.71344778E-02   0.13341377E-02    1.0000000
  11911.070        1.1431450        1.1431450        1.0835240        2.0033418       0.85206361E-02   0.17716974E-02    1.0000000
  11912.078        1.1523920        1.1523920        1.0831967        2.0027925       0.10648498E-01   0.30336568E-02    1.0000000
  11913.095        1.1647130        1.1647130        1.0828661        2.0022379       0.14665156E-01   0.46481238E-02    1.0000000
  11914.055        1.1813900        1.1813900        1.0825544        2.0017149       0.19839419E-01   0.70110216E-02    1.0000000
  11915.051        1.2035070        1.2035070        1.0822309        2.0011724       0.28374508E-01   0.12740988E-01    1.0000000
  11916.049        1.2379560        1.2379560        1.0819068        2.0006288       0.45239216E-01   0.19969829E-01    1.0000000
  11917.048        1.2938850        1.2938850        1.0815820        2.0000841       0.68269832E-01   0.20676429E-01    1.0000000
  11918.047        1.3743680        1.3743680        1.0812577        1.9995404       0.86553409E-01   0.15165387E-01    1.0000000
  11919.092        1.4707240        1.4707240        1.0809183        1.9989713       0.99254537E-01   0.52243511E-02    1.0000000
  11920.084        1.5766150        1.2633594        1.0805959        1.9984307       0.97198860E-01  -0.13637603E-01    1.0000000
  11921.077        1.6637240        1.5693265        1.0802733        1.9978901       0.72175440E-01  -0.25525610E-01    1.0000000
  11922.072        1.7200940        1.6174646        1.0799501        1.9973484       0.46455990E-01  -0.22910886E-01    1.0000000
  11923.048        1.7552790        1.6598352        1.0796332        1.9968173       0.27022895E-01  -0.17249149E-01    1.0000000
  11924.061        1.7738320        1.6990556        1.0793042        1.9962660       0.12154160E-01  -0.12156691E-01    1.0000000
  11925.027        1.7793350        1.7322445        1.0789902        1.9957401       0.29618869E-02  -0.59411490E-02    1.0000000
  11926.043        1.7797040        1.7629891        1.0786602        1.9951871       0.37571355E-03   0.41140299E-03    1.0000000
  11927.021        1.7800840        1.7888399        1.0783427        1.9946553       0.37820352E-02   0.49300259E-02    1.0000000
  11928.037        1.7872450        1.8121612        1.0780125        1.9941024       0.10205692E-01   0.63074377E-02    1.0000000
  11929.035        1.8006450        1.8318335        1.0776883        1.9935594       0.16489378E-01   0.44267884E-02    1.0000000
  11930.040        1.8202630        1.8487040        1.0773621        1.9930132       0.19069805E-01  -0.87616378E-04    1.0000000
  11931.029        1.8386700        1.8627659        1.0770405        1.9924749       0.16314671E-01  -0.37296534E-02    1.0000000
  11931.998        1.8522130        1.8743453        1.0767259        1.9919483       0.11765801E-01  -0.45412878E-02    1.0000000
  11933.017        1.8620590        1.8845077        1.0763948        1.9913941       0.72871362E-02  -0.45025059E-02    1.0000000
  11934.014        1.8669070        1.8927458        1.0760709        1.9908520       0.26868127E-02  -0.36550590E-02    1.0000000
  11935.011        1.8674150        1.8995991        1.0757473        1.9903104       0.99533685E-06  -0.12327224E-02    1.0000000
  11936.024        1.8669090        1.9054657        1.0754182        1.9897598       0.20981724E-03   0.14091529E-02    1.0000000
  11937.003        1.8678330        1.9103763        1.0751002        1.9892277       0.28083238E-02   0.30186025E-02    1.0000000
  11938.001        1.8724610        1.9149118        1.0747760        1.9886855       0.61775340E-02   0.23518433E-02    1.0000000
  11938.983        1.8800660        1.9191368        1.0744569        1.9881518       0.74655381E-02   0.91467047E-03    1.0000000
  11939.995        1.8873490        1.9232751        1.0741283        1.9876021       0.80015973E-02   0.27345238E-02    1.0000000
  11940.987        1.8960960        1.9271250        1.0738062        1.9870635       0.12943746E-01   0.76242060E-02    1.0000000
  11941.977        1.9130070        1.9307728        1.0734844        1.9865255       0.23114832E-01   0.89559597E-02    1.0000000
  11943.022        1.9431400        1.9344080        1.0731451        1.9859583       0.31171184E-01   0.48811782E-02    1.0000000
  11944.047        1.9775220        1.9377704        1.0728121        1.9854016       0.33217407E-01  -0.22681426E-02    1.0000000
  11945.046        2.0103810        1.9408556        1.0724875        1.9848592       0.26579851E-01  -0.10873853E-01    1.0000000
  11946.044        2.0306110        1.9437538        1.0721633        1.9843173       0.11498626E-01  -0.15650109E-01    1.0000000
  11947.036        2.0332620        1.9464545        1.0718412        1.9837790      -0.45621433E-02  -0.13024653E-01    1.0000000
  11948.098        2.0212420        1.9491546        1.0714962        1.9832027      -0.15249324E-01  -0.72902036E-02    1.0000000
  11949.099        2.0018060        1.9515215        1.0711711        1.9826596      -0.19600230E-01  -0.22755431E-02    1.0000000
  11950.102        1.9819700        1.9537252        1.0708453        1.9821154      -0.19808716E-01   0.16823034E-02    1.0000000
  11951.083        1.9624960        1.9557231        1.0705265        1.9815829      -0.16261732E-01   0.52443902E-02    1.0000000
  11952.085        1.9497090        1.9576052        1.0702009        1.9810392      -0.94045797E-02   0.63616863E-02    1.0000000
  11953.069        1.9438170        1.9593016        1.0698813        1.9805056      -0.36264053E-02   0.35444074E-02    1.0000000
  11954.099        1.9424060        1.9609216        1.0695468        1.9799470      -0.22667104E-02  -0.33986544E-03    1.0000000
  11955.113        1.9391850        1.9623647        1.0692175        1.9793974      -0.43209169E-02  -0.20209336E-02    1.0000000
  11956.106        1.9337350        1.9636379        1.0688949        1.9788589      -0.63222188E-02  -0.10346404E-02    1.0000000
  11957.096        1.9266500        1.9647716        1.0685735        1.9783225      -0.63722881E-02   0.13625754E-02    1.0000000
  11958.078        1.9211670        1.9657689        1.0682543        1.9777897      -0.36348250E-02   0.33590543E-02    1.0000000
  11959.093        1.9193910        1.9666677        1.0679248        1.9772400       0.33597848E-03   0.40873187E-02    1.0000000
  11960.093        1.9218440        1.9674293        1.0675997        1.9766976       0.46011631E-02   0.36393016E-02    1.0000000
  11961.108        1.9286640        1.9680788        1.0672701        1.9761478       0.76704814E-02   0.29135307E-02    1.0000000
  11962.102        1.9372530        1.9685997        1.0669472        1.9756092       0.10454068E-01   0.25930646E-02    1.0000000
  11963.105        1.9495460        1.9690139        1.0666213        1.9750657       0.12850128E-01   0.17813293E-02    1.0000000
  11964.126        1.9632650        1.9693249        1.0662896        1.9745126       0.14059941E-01   0.88467848E-03    1.0000000
  11965.114        1.9777920        1.9695240        1.0659687        1.9739775       0.14627420E-01   0.16869343E-03    1.0000000
  11966.106        1.9922270        1.9696275        1.0656465        1.9734403       0.14393951E-01  -0.11482533E-02    1.0000000
  11967.111        2.0065360        1.9696380        1.0653201        1.9728961       0.12334416E-01  -0.32791163E-02    1.0000000
  11968.151        2.0174420        1.9695536        1.0649824        1.9723334       0.76905190E-02  -0.50566531E-02    1.0000000
  11969.176        2.0224110        1.9693804        1.0646495        1.9717786       0.18963211E-02  -0.49917727E-02    1.0000000
  11970.244        2.0214110        1.9691097        1.0643026        1.9712005      -0.27572612E-02  -0.40923607E-02    1.0000000
  11971.220        2.0167740        1.9687862        1.0639854        1.9706721      -0.64701831E-02  -0.28175764E-02    1.0000000
  11972.233        2.0085420        1.9683783        1.0636565        1.9701241      -0.83613362E-02  -0.80171847E-03    1.0000000
  11973.244        1.9998540        1.9679021        1.0633281        1.9695771      -0.80925406E-02   0.68620003E-03    1.0000000
  11974.229        1.9923850        1.9673756        1.0630080        1.9690439      -0.69913173E-02   0.90477723E-03    1.0000000
  11975.259        1.9857630        1.9667645        1.0626734        1.9684867      -0.62689621E-02   0.64067105E-03    1.0000000
  11976.243        1.9797600        1.9661265        1.0623538        1.9679545      -0.57010763E-02   0.74452471E-03    1.0000000
  11977.258        1.9743690        1.9654180        1.0620242        1.9674058      -0.47809773E-02   0.54785842E-03    1.0000000
  11978.298        1.9699360        1.9646426        1.0616863        1.9668433      -0.45753313E-02   0.23984339E-03    1.0000000
  11979.321        1.9649300        1.9638367        1.0613541        1.9662903      -0.42861756E-02   0.84707507E-03    1.0000000
  11980.342        1.9611760        1.9629937        1.0610224        1.9657383      -0.28440962E-02   0.10911613E-02    1.0000000
  11981.401        1.9590130        1.9620833        1.0606783        1.9651656      -0.20160691E-02   0.22344319E-03    1.0000000
  11982.426        1.9569730        1.9611723        1.0603453        1.9646115      -0.23782730E-02  -0.42676108E-03    1.0000000
  11983.454        1.9541310        1.9602348        1.0600115        1.9640562      -0.28921029E-02  -0.58621512E-03    1.0000000
  11984.479        1.9510380        1.9592798        1.0596787        1.9635025      -0.35812685E-02  -0.10391609E-02    1.0000000
  11985.530        1.9466960        1.9582840        1.0593371        1.9629345      -0.50494840E-02  -0.11971194E-02    1.0000000
  11986.556        1.9405480        1.9573015        1.0590038        1.9623802      -0.60682123E-02  -0.80130329E-03    1.0000000
  11987.550        1.9344390        1.9563442        1.0586810        1.9618434      -0.66680124E-02  -0.39982677E-03    1.0000000
  11988.587        1.9270050        1.9553438        1.0583441        1.9612832      -0.68802765E-02   0.45200694E-03    1.0000000
  11989.575        1.9205030        1.9543938        1.0580231        1.9607495      -0.57524724E-02   0.12099048E-02    1.0000000
  11990.595        1.9154530        1.9534210        1.0576918        1.9601988      -0.44505699E-02   0.14693245E-02    1.0000000
  11991.589        1.9115420        1.9524852        1.0573690        1.9596624      -0.27940611E-02   0.18683933E-02    1.0000000
  11992.596        1.9098620        1.9515505        1.0570418        1.9591185      -0.71185884E-03   0.16456263E-02    1.0000000
  11993.599        1.9101110        1.9506345        1.0567161        1.9585773       0.51402636E-03   0.84372856E-03    1.0000000
  11994.608        1.9108960        1.9497271        1.0563884        1.9580329       0.98536022E-03   0.51015696E-03    1.0000000
  11995.626        1.9121080        1.9488258        1.0560577        1.9574836       0.15479462E-02   0.50577204E-03    1.0000000
  11996.624        1.9140170        1.9479554        1.0557334        1.9569449       0.20051079E-02   0.44291827E-03    1.0000000
  11997.623        1.9161120        1.9470983        1.0554091        1.9564062       0.24324097E-02   0.67644221E-03    1.0000000
  11998.641        1.9189230        1.9462376        1.0550783        1.9558569       0.33694445E-02   0.10075376E-02    1.0000000
  11999.649        1.9229390        1.9453993        1.0547509        1.9553133       0.44738319E-02   0.10404375E-02    1.0000000
  12000.655        1.9279320        1.9445755        1.0544242        1.9547708       0.54645840E-02   0.99163832E-03    1.0000000
  12001.663        1.9339450        1.9437628        1.0540967        1.9542272       0.64710510E-02   0.88046991E-03    1.0000000
  12002.676        1.9410120        1.9429588        1.0537676        1.9536809       0.72442866E-02   0.33181677E-03    1.0000000
  12003.687        1.9486120        1.9421688        1.0534390        1.9531357       0.71428571E-02  -0.54205748E-03    1.0000000
  12004.695        1.9554340        1.9413940        1.0531117        1.9525925       0.61498292E-02  -0.13319491E-02    1.0000000
  12005.736        1.9612130        1.9406060        1.0527735        1.9520312       0.44136933E-02  -0.17634916E-02    1.0000000
  12006.769        1.9645880        1.9398372        1.0524380        1.9514747       0.24923476E-02  -0.15372732E-02    1.0000000
  12007.778        1.9663020        1.9390977        1.0521102        1.9509310       0.12748122E-02  -0.11206518E-02    1.0000000
  12008.783        1.9671550        1.9383733        1.0517839        1.9503898       0.23576962E-03  -0.11408337E-02    1.0000000
  12009.797        1.9667780        1.9376529        1.0514544        1.9498433      -0.10284397E-02  -0.10035216E-02    1.0000000
  12010.892        1.9649860        1.9368885        1.0510989        1.9492537      -0.18806776E-02  -0.66339264E-03    1.0000000
  12011.880        1.9628610        1.9362094        1.0507779        1.9487215      -0.24101274E-02  -0.55435996E-03    1.0000000
  12012.863        1.9602340        1.9355438        1.0504584        1.9481919      -0.29736980E-02  -0.53296166E-03    1.0000000
  12013.900        1.9568530        1.9348529        1.0501216        1.9476336      -0.34869125E-02  -0.18887800E-03    1.0000000
  12014.911        1.9530950        1.9341903        1.0497934        1.9470896      -0.33604012E-02   0.68652458E-04    1.0000000
  12015.922        1.9500580        1.9335372        1.0494648        1.9465450      -0.33480917E-02  -0.15520509E-03    1.0000000
  12016.932        1.9463270        1.9328953        1.0491367        1.9460015      -0.36741405E-02   0.25393823E-03    1.0000000
  12017.929        1.9426840        1.9322711        1.0488128        1.9454649      -0.28384377E-02   0.67244808E-03    1.0000000
  12018.949        1.9406040        1.9316429        1.0484818        1.9449165      -0.23183171E-02   0.44203572E-03    1.0000000
  12019.956        1.9379860        1.9310314        1.0481546        1.9443745      -0.19426656E-02   0.41224264E-03    1.0000000
  12021.973        1.9347280        1.9298346        1.0474993        1.9432893      -0.10714026E-02   0.47096458E-03    1.0000000
  12023.950        1.9337070        1.9286964        1.0468573        1.9422263      -0.61713096E-04   0.36133455E-03    1.0000000
  12026.008        1.9344790        1.9275459        1.0461887        1.9411196       0.38651000E-03   0.95914955E-04    1.0000000
  12027.965        1.9352590        1.9264834        1.0455529        1.9400675       0.32342573E-03  -0.88676624E-04    1.0000000
  12029.963        1.9357580        1.9254291        1.0449041        1.9389941       0.35834749E-04  -0.30163073E-03    1.0000000
  12031.956        1.9354020        1.9244060        1.0442567        1.9379232      -0.88024375E-03  -0.46128725E-03    1.0000000
  12033.953        1.9322450        1.9234081        1.0436077        1.9368500      -0.18051350E-02  -0.36999487E-03    1.0000000
  12035.975        1.9281470        1.9224249        1.0429512        1.9357645      -0.23672864E-02  -0.36565022E-03    1.0000000
  12038.001        1.9226640        1.9214646        1.0422931        1.9346768      -0.32850128E-02  -0.33284827E-03    1.0000000
  12039.985        1.9149740        1.9205473        1.0416486        1.9336118      -0.37020180E-02  -0.62965349E-04    1.0000000
  12041.978        1.9079420        1.9196475        1.0410013        1.9325424      -0.35354103E-02   0.14269580E-03    1.0000000
  12043.990        1.9008150        1.9187591        1.0403477        1.9314628      -0.31305341E-02   0.34359038E-03    1.0000000
  12046.004        1.8953380        1.9178891        1.0396935        1.9303826      -0.21520639E-02   0.51918535E-03    1.0000000
  12047.998        1.8921880        1.9170445        1.0390455        1.9293129      -0.10492706E-02   0.54320854E-03    1.0000000
  12049.997        1.8911480        1.9162141        1.0383964        1.9282415       0.17103605E-04   0.50365314E-03    1.0000000
  12051.974        1.8922560        1.9154066        1.0377541        1.9271817       0.95313841E-03   0.48331523E-03    1.0000000
  12053.970        1.8949350        1.9146041        1.0371057        1.9261122       0.19374069E-02   0.33328663E-03    1.0000000
  12056.020        1.9000950        1.9137917        1.0364398        1.9250138       0.23016594E-02   0.31531523E-04    1.0000000
  12057.997        1.9042030        1.9130183        1.0357978        1.9239552       0.20643736E-02  -0.10166429E-03    1.0000000
  12060.057        1.9084290        1.9122206        1.0351284        1.9228518       0.18912346E-02  -0.14722958E-03    1.0000000
  12062.117        1.9119950        1.9114308        1.0344594        1.9217493       0.14577789E-02  -0.19633978E-03    1.0000000
  12064.134        1.9143720        1.9106626        1.0338042        1.9206696       0.10908064E-02  -0.13990633E-03    1.0000000
  12066.154        1.9163990        1.9098973        1.0331480        1.9195888       0.89292386E-03  -0.13607138E-03    1.0000000
  12068.149        1.9179570        1.9091440        1.0325000        1.9185217       0.54449342E-03  -0.16291078E-03    1.0000000
  12070.185        1.9185940        1.9083760        1.0318385        1.9174326       0.23618652E-03  -0.12162960E-03    1.0000000
  12072.231        1.9189210        1.9076040        1.0311742        1.9163391       0.48059769E-04  -0.10172025E-03    1.0000000
  12074.305        1.9187920        1.9068186        1.0305003        1.9152301      -0.18288767E-03  -0.15283114E-03    1.0000000
  12076.326        1.9181720        1.9060500        1.0298439        1.9141502      -0.57784642E-03  -0.21235663E-03    1.0000000
  12078.358        1.9164500        1.9052717        1.0291837        1.9130644      -0.10435648E-02  -0.16184992E-03    1.0000000
  12080.403        1.9139170        1.9044816        1.0285194        1.9119720      -0.12377684E-02   0.13002727E-04    1.0000000
  12082.447        1.9113890        1.9036840        1.0278556        1.9108806      -0.99039917E-03   0.20106316E-03    1.0000000
  12084.494        1.9098660        1.9028773        1.0271908        1.9097881      -0.41536584E-03   0.32654501E-03    1.0000000
  12086.528        1.9096940        1.9020676        1.0265300        1.9087023       0.34214611E-03   0.31791379E-03    1.0000000
  12088.533        1.9112480        1.9012620        1.0258787        1.9076324       0.86875474E-03   0.15863605E-03    1.0000000
  12090.540        1.9131800        1.9004479        1.0252266        1.9065613       0.97869549E-03   0.10412347E-04    1.0000000
  12092.572        1.9152010        1.8996168        1.0245667        1.9054779       0.91081072E-03  -0.20245223E-03    1.0000000
  12094.616        1.9168920        1.8987732        1.0239027        1.9043879       0.15360343E-03  -0.51268092E-03    1.0000000
  12096.654        1.9158280        1.8979250        1.0232408        1.9033016      -0.11819220E-02  -0.60257330E-03    1.0000000
  12098.703        1.9120610        1.8970647        1.0225750        1.9022093      -0.23093607E-02  -0.52455728E-03    1.0000000
  12100.776        1.9063090        1.8961878        1.0219019        1.9011051      -0.33441052E-02  -0.43972267E-03    1.0000000
  12102.844        1.8982150        1.8953056        1.0212301        1.9000035      -0.41299972E-02  -0.23085366E-03    1.0000000
  12104.860        1.8894430        1.8944392        1.0205753        1.8989300      -0.42868607E-02   0.17260875E-03    1.0000000
  12106.906        1.8808010        1.8935530        1.0199106        1.8978404      -0.34288294E-02   0.52842292E-03    1.0000000
  12108.913        1.8755440        1.8926777        1.0192586        1.8967721      -0.21448614E-02   0.55647882E-03    1.0000000
  12110.958        1.8721100        1.8917795        1.0185944        1.8956838      -0.11739717E-02   0.37497643E-03    1.0000000
  12113.014        1.8707300        1.8908705        1.0179266        1.8945902      -0.60722936E-03   0.14416337E-03    1.0000000
  12115.070        1.8696130        1.8899549        1.0172586        1.8934964      -0.58115460E-03   0.23346373E-04    1.0000000
  12117.192        1.8683020        1.8890042        1.0165695        1.8923683      -0.50969078E-03   0.50616005E-04    1.0000000
  12119.275        1.8674700        1.8880647        1.0158929        1.8912609      -0.36833910E-03   0.64107856E-04    1.0000000
  12121.373        1.8667620        1.8871126        1.0152114        1.8901459      -0.24166033E-03   0.91508560E-04    1.0000000
  12123.454        1.8664600        1.8861622        1.0145353        1.8890399       0.14113605E-04   0.97587138E-04    1.0000000
  12125.482        1.8668200        1.8852309        1.0138765        1.8879626       0.15937499E-03   0.47838040E-04    1.0000000
  12127.489        1.8671030        1.8843044        1.0132247        1.8868970       0.20711666E-03   0.96345837E-04    1.0000000
  12129.552        1.8676630        1.8833464        1.0125544        1.8858013       0.55151893E-03   0.19952040E-03    1.0000000
  12131.595        1.8693680        1.8823930        1.0118907        1.8847167       0.10265150E-02   0.21768064E-03    1.0000000
  12133.624        1.8718430        1.8814415        1.0112317        1.8836401       0.14379210E-02   0.19759089E-03    1.0000000
  12135.666        1.8752210        1.8804793        1.0105685        1.8825569       0.18308009E-02   0.14223816E-03    1.0000000
  12137.643        1.8792000        1.8795434        1.0099264        1.8815083       0.20094994E-02   0.76075092E-04    1.0000000
  12139.725        1.8833780        1.8785530        1.0092500        1.8804041       0.21396064E-02   0.12743698E-03    1.0000000
  12141.741        1.8879680        1.8775902        1.0085953        1.8793355       0.25317297E-02   0.20935226E-03    1.0000000
  12143.785        1.8936570        1.8766095        1.0079311        1.8782519       0.29895912E-02   0.55452849E-05    1.0000000
  12145.792        1.9000800        1.8756429        1.0072792        1.8771885       0.25541959E-02  -0.30666852E-03    1.0000000
  12147.823        1.9039700        1.8746610        1.0066196        1.8761126       0.17513650E-02  -0.37694580E-03    1.0000000
  12149.875        1.9072300        1.8736652        1.0059531        1.8750260       0.10153033E-02  -0.48858395E-03    1.0000000
  12151.889        1.9080980        1.8726842        1.0052989        1.8739596      -0.23510991E-03  -0.59332572E-03    1.0000000
  12153.962        1.9062690        1.8716707        1.0046254        1.8728620      -0.14098859E-02  -0.47139619E-03    1.0000000
  12156.030        1.9022590        1.8706564        1.0039536        1.8717675      -0.21873831E-02  -0.31969058E-03    1.0000000
  12158.132        1.8971470        1.8696220        1.0032708        1.8706553      -0.27430851E-02  -0.24173054E-03    1.0000000
  12160.182        1.8908710        1.8686106        1.0026051        1.8695713      -0.31909347E-02  -0.17333714E-03    1.0000000
  12162.237        1.8840500        1.8675933        1.0019375        1.8684845      -0.34545370E-02  -0.11284669E-03    1.0000000
  12164.257        1.8767920        1.8665904        1.0012812        1.8674163      -0.36508425E-02  -0.14535659E-03    1.0000000
  12166.396        1.8688660        1.8655260        1.0005865        1.8662859      -0.40590809E-02  -0.22263728E-03    1.0000000
  12168.472        1.8596820        1.8644899       0.99991199        1.8651886      -0.45893121E-02  -0.10550361E-03    1.0000000
  12170.549        1.8498070        1.8634514       0.99923754        1.8640917      -0.44972279E-02   0.25993501E-03    1.0000000
  12172.630        1.8409850        1.8624082       0.99856153        1.8629926      -0.35086453E-02   0.59660544E-03    1.0000000
  12174.704        1.8352290        1.8613665       0.99788791        1.8618976      -0.20184039E-02   0.68989474E-03    1.0000000
  12176.781        1.8326060        1.8603209       0.99721306        1.8608009      -0.64468524E-03   0.54612091E-03    1.0000000
  12178.878        1.8325380        1.8592638       0.99653203        1.8596945       0.26117580E-03   0.39325516E-03    1.0000000
  12180.935        1.8336910        1.8582246       0.99586362        1.8586088       0.98901072E-03   0.38201542E-03    1.0000000
  12183.008        1.8366230        1.8571761       0.99519035        1.8575156       0.18390485E-02   0.27684788E-03    1.0000000
  12185.104        1.8413570        1.8561145       0.99450958        1.8564104       0.21430400E-02  -0.11701664E-04    1.0000000
  12187.187        1.8455790        1.8550579       0.99383285        1.8553121       0.17901459E-02  -0.24338696E-03    1.0000000
  12189.278        1.8488300        1.8539961       0.99315357        1.8542099       0.11270163E-02  -0.41487126E-03    1.0000000
  12191.395        1.8503210        1.8529204       0.99246611        1.8530947       0.44546083E-04  -0.57442340E-03    1.0000000
  12193.476        1.8490170        1.8518615       0.99178997        1.8519982      -0.12843557E-02  -0.58078007E-03    1.0000000
  12195.523        1.8450190        1.8508197       0.99112517        1.8509203      -0.23529954E-02  -0.31389540E-03    1.0000000
  12197.601        1.8393120        1.8497612       0.99045020        1.8498262      -0.25790266E-02   0.13617081E-03    1.0000000
  12199.633        1.8344200        1.8487259       0.98979022        1.8487567      -0.17933755E-02   0.46271481E-03    1.0000000
  12201.717        1.8319300        1.8476633       0.98911311        1.8476598      -0.67437218E-03   0.48872692E-03    1.0000000
  12203.805        1.8316060        1.8465985       0.98843478        1.8465611       0.24596950E-03   0.42570698E-03    1.0000000
  12205.896        1.8329580        1.8455323       0.98775553        1.8454612       0.11048190E-02   0.38571130E-03    1.0000000
  12207.985        1.8362240        1.8444673       0.98707703        1.8443628       0.18581926E-02   0.24430453E-03    1.0000000
  12210.076        1.8407240        1.8434013       0.98639796        1.8432638       0.21258483E-02   0.20377698E-04    1.0000000
  12212.167        1.8451140        1.8423349       0.98571864        1.8421647       0.19434093E-02  -0.71420778E-04    1.0000000
  12214.259        1.8488540        1.8412681       0.98503907        1.8410654       0.18270688E-02  -0.60428497E-04    1.0000000
  12216.345        1.8527470        1.8402045       0.98436158        1.8399698       0.16909553E-02  -0.67278579E-04    1.0000000
  12218.385        1.8558310        1.8391640       0.98369880        1.8388982       0.15494726E-02  -0.12598587E-04    1.0000000
  12220.454        1.8591140        1.8381090       0.98302681        1.8378121       0.16391860E-02  -0.32309388E-04    1.0000000
  12222.528        1.8626210        1.8370516       0.98235326        1.8367237       0.14156375E-02  -0.24144461E-03    1.0000000
  12224.579        1.8649540        1.8360051       0.98168678        1.8356470       0.64314245E-03  -0.39252262E-03    1.0000000
  12226.631        1.8652600        1.8349588       0.98102039        1.8345707      -0.19499669E-03  -0.39479013E-03    1.0000000
  12228.723        1.8641460        1.8338918       0.98034079        1.8334733      -0.99273362E-03  -0.40519788E-03    1.0000000
  12230.776        1.8611450        1.8328446       0.97967393        1.8323968      -0.18745905E-02  -0.39047750E-03    1.0000000
  12232.859        1.8563920        1.8317819       0.97899718        1.8313047      -0.26078930E-02  -0.44166684E-03    1.0000000
  12234.958        1.8502390        1.8307115       0.97831552        1.8302049      -0.37216059E-02  -0.39681104E-03    1.0000000
  12237.065        1.8407390        1.8296364       0.97763095        1.8291006      -0.42768723E-02  -0.58299428E-04    1.0000000
  12239.160        1.8322660        1.8285677       0.97695046        1.8280033      -0.39666017E-02   0.13689435E-03    1.0000000
  12242.973        1.8173040        1.8266223       0.97571183        1.8260066      -0.34680896E-02   0.21984573E-03    1.0000000
  12246.038        1.8084130        1.8250586       0.97471633        1.8244025      -0.24545357E-02   0.37367693E-03    1.0000000
  12249.030        1.8024370        1.8235317       0.97374435        1.8228370      -0.12047471E-02   0.41094570E-03    1.0000000
  12252.047        1.8011740        1.8219923       0.97276452        1.8212593       0.14726030E-04   0.29944433E-03    1.0000000
  12255.074        1.8025260        1.8204472       0.97178117        1.8196766       0.60501059E-03   0.15381671E-03    1.0000000
  12258.229        1.8049140        1.8188371       0.97075651        1.8180281       0.96557630E-03   0.77795830E-04    1.0000000
  12261.263        1.8085020        1.8172880       0.96977078        1.8164428       0.10864929E-02  -0.49389857E-04    1.0000000
  12264.300        1.8115110        1.8157374       0.96878420        1.8148567       0.66568949E-03  -0.14772211E-03    1.0000000
  12267.335        1.8125440        1.8141878       0.96779845        1.8132725       0.18953901E-03  -0.13028514E-03    1.0000000
  12270.436        1.8126740        1.8126041       0.96679106        1.8116542      -0.13373230E-03  -0.18407938E-03    1.0000000
  12273.474        1.8117230        1.8110526       0.96580427        1.8100696      -0.94054821E-03  -0.26927116E-03    1.0000000
  12276.515        1.8069570        1.8094995       0.96481663        1.8084842      -0.17704620E-02  -0.14904070E-03    1.0000000
  12279.551        1.8009650        1.8079486       0.96383048        1.8069019      -0.18461761E-02   0.76888618E-04    1.0000000
  12282.593        1.7957350        1.8063940       0.96284215        1.8053166      -0.13030938E-02   0.25262394E-03    1.0000000
  12285.656        1.7930090        1.8048288       0.96184724        1.8037214      -0.30378825E-03   0.37643323E-03    1.0000000
  12288.742        1.7938670        1.8032515       0.96084476        1.8021146       0.10116017E-02   0.33089205E-03    1.0000000
  12291.795        1.7992190        1.8016910       0.95985318        1.8005260       0.17274852E-02   0.57524607E-04    1.0000000
  12294.851        1.8044200        1.8001285       0.95886041        1.7989360       0.13630126E-02  -0.15687688E-03    1.0000000
  12298.018        1.8077010        1.7985092       0.95783177        1.7972893       0.75124355E-03  -0.19542910E-03    1.0000000
  12301.009        1.8090460        1.7969794       0.95686018        1.7957344       0.15960120E-03  -0.18186409E-03    1.0000000
  12304.008        1.8086570        1.7954454       0.95588607        1.7941761      -0.33810959E-03  -0.69284755E-04    1.0000000
  12307.063        1.8069990        1.7938822       0.95489358        1.7925890      -0.25986603E-03   0.83945862E-04    1.0000000
  12310.203        1.8070470        1.7922754       0.95387358        1.7909586       0.18197700E-03   0.10412733E-03    1.0000000
  12313.245        1.8081240        1.7907184       0.95288545        1.7893797       0.38385956E-03  -0.37986390E-04    1.0000000
  12316.310        1.8093910        1.7891497       0.95189004        1.7877898      -0.49983094E-04  -0.18702203E-03    1.0000000
  12319.367        1.8078180        1.7875840       0.95089682        1.7862040      -0.76110241E-03  -0.22440806E-03    1.0000000
  12322.430        1.8047330        1.7860157       0.94990206        1.7846164      -0.14233761E-02  -0.26405575E-03    1.0000000
  12325.532        1.7990430        1.7844264       0.94889427        1.7830085      -0.23889850E-02  -0.30060428E-03    1.0000000
  12328.562        1.7900820        1.7828739       0.94790997        1.7814388      -0.32669010E-02  -0.19941323E-03    1.0000000
  12331.697        1.7789020        1.7812673       0.94689164        1.7798154      -0.36184014E-02  -0.21429303E-04    1.0000000
  12334.770        1.7676190        1.7796921       0.94589343        1.7782247      -0.33999339E-02   0.12980198E-03    1.0000000
  12337.930        1.7577130        1.7780723       0.94486724        1.7765900      -0.28094522E-02   0.26841163E-03    1.0000000
  12340.978        1.7501800        1.7765091       0.94387712        1.7750135      -0.17338331E-02   0.37968901E-03    1.0000000
  12344.052        1.7470970        1.7749319       0.94287835        1.7734237      -0.48467330E-03   0.33499621E-03    1.0000000
  12347.163        1.7471820        1.7733357       0.94186785        1.7718160       0.33832282E-03   0.22214584E-03    1.0000000
  12350.301        1.7492110        1.7717254       0.94084866        1.7701950       0.90339834E-03   0.17046960E-03    1.0000000
  12353.393        1.7528100        1.7701380       0.93984422        1.7685981       0.14003160E-02   0.90601572E-04    1.0000000
  12356.484        1.7578690        1.7685509       0.93884028        1.7670027       0.14635779E-02  -0.43964905E-04    1.0000000
  12359.518        1.7617750        1.7669922       0.93785451        1.7654367       0.11310134E-02  -0.12701901E-03    1.0000000
  12362.609        1.7647970        1.7654042       0.93685054        1.7638424       0.68552545E-03  -0.14763303E-03    1.0000000
  12365.734        1.7660360        1.7637982       0.93583548        1.7622311       0.21337519E-03  -0.86401236E-04    1.0000000
  12368.777        1.7661130        1.7622341       0.93484714        1.7606629       0.15264238E-03   0.10350942E-04    1.0000000
  12371.866        1.7669720        1.7606455       0.93384363        1.7590712       0.27684695E-03   0.98005935E-05    1.0000000
  12374.957        1.7678240        1.7590557       0.93283959        1.7574793       0.21321308E-03  -0.42120569E-04    1.0000000
  12378.066        1.7682940        1.7574560       0.93182956        1.7558785       0.15683840E-04  -0.85827698E-04    1.0000000
  12381.142        1.7679210        1.7558735       0.93083061        1.7542959      -0.31760634E-03  -0.12694547E-03    1.0000000
  12384.241        1.7663330        1.7542785       0.92982396        1.7527018      -0.76811685E-03  -0.96305574E-04    1.0000000
  12387.336        1.7631630        1.7526850       0.92881849        1.7511101      -0.91415870E-03   0.29834123E-04    1.0000000
  12390.512        1.7606000        1.7510497       0.92778684        1.7494776      -0.58101692E-03   0.11027789E-03    1.0000000
  12393.604        1.7595210        1.7494572       0.92678235        1.7478887      -0.22290160E-03   0.85610397E-04    1.0000000
  12396.694        1.7592220        1.7478658       0.92577871        1.7463018      -0.51764890E-04  -0.42003952E-05    1.0000000
  12399.748        1.7592030        1.7462929       0.92478687        1.7447342      -0.24870530E-03  -0.12016258E-03    1.0000000
  12402.850        1.7576910        1.7446944       0.92377910        1.7431420      -0.79147131E-03  -0.19316442E-03    1.0000000
  12405.956        1.7542890        1.7430939       0.92277010        1.7415485      -0.14480033E-02  -0.15624595E-03    1.0000000
  12409.082        1.7486670        1.7414831       0.92175475        1.7399456      -0.17652008E-02  -0.22532829E-04    1.0000000
  12412.173        1.7433160        1.7398903       0.92075087        1.7383614      -0.15880739E-02   0.75389051E-04    1.0000000
  12415.289        1.7388100        1.7382840       0.91973856        1.7367646      -0.12972692E-02   0.59472348E-04    1.0000000
  12418.530        1.7350690        1.7366135       0.91868586        1.7351047      -0.12099963E-02   0.94972035E-05    1.0000000
  12421.675        1.7310830        1.7349922       0.91766421        1.7334944      -0.12366204E-02   0.16684535E-04    1.0000000
  12424.816        1.7272960        1.7333733       0.91664408        1.7318872      -0.11051226E-02   0.60223940E-04    1.0000000
  12427.889        1.7242160        1.7317890       0.91564579        1.7303150      -0.86240146E-03   0.64157530E-04    1.0000000
  12431.090        1.7218850        1.7301387       0.91460599        1.7286780      -0.70257648E-03   0.77903047E-05    1.0000000
  12434.223        1.7197660        1.7285237       0.91358837        1.7270767      -0.81305900E-03  -0.35271486E-04    1.0000000
  12437.323        1.7168170        1.7269253       0.91258124        1.7254924      -0.92243247E-03  -0.17771004E-04    1.0000000
  12440.449        1.7140230        1.7253141       0.91156600        1.7238961      -0.92370002E-03  -0.44770121E-05    1.0000000
  12443.604        1.7110150        1.7236874       0.91054090        1.7222849      -0.95055375E-03   0.19226787E-04    1.0000000
  12446.750        1.7080330        1.7220658       0.90951906        1.7206794      -0.80254069E-03   0.96557267E-04    1.0000000
  12449.902        1.7059610        1.7204414       0.90849529        1.7190716      -0.34248436E-03   0.17443736E-03    1.0000000
  12453.007        1.7058900        1.7188409       0.90748652        1.7174880       0.28895225E-03   0.13966666E-03    1.0000000
  12456.162        1.7077700        1.7172150       0.90646167        1.7158797       0.53190576E-03   0.15767007E-04    1.0000000
  12459.411        1.7092960        1.7155412       0.90540651        1.7142246       0.38991455E-03  -0.65628546E-04    1.0000000
  12462.507        1.7102440        1.7139457       0.90440063        1.7126474       0.11549394E-03  -0.93938529E-04    1.0000000
  12465.662        1.7100180        1.7123206       0.90337587        1.7110412      -0.19733371E-03  -0.37437571E-04    1.0000000
  12468.857        1.7089910        1.7106750       0.90233808        1.7094153      -0.12222153E-03   0.59543692E-04    1.0000000
  12472.069        1.7092350        1.7090212       0.90129488        1.7077816       0.18412699E-03   0.75118554E-04    1.0000000
  12475.211        1.7101610        1.7074030       0.90027401        1.7061835       0.35510505E-03   0.27349027E-04    1.0000000
  12478.357        1.7114680        1.7057837       0.89925226        1.7045847       0.35610533E-03  -0.24455535E-04    1.0000000
  12481.507        1.7124030        1.7041623       0.89822892        1.7029840       0.20113569E-03  -0.47695382E-04    1.0000000
  12484.656        1.7127350        1.7025420       0.89720608        1.7013847       0.55661150E-04  -0.26307954E-04    1.0000000
  12487.831        1.7127550        1.7009086       0.89617470        1.6997728       0.34764719E-04  -0.93614161E-05    1.0000000
  12490.956        1.7129540        1.6993016       0.89515982        1.6981873      -0.33109972E-05  -0.29884334E-04    1.0000000
  12494.174        1.7127340        1.6976469       0.89411446        1.6965548      -0.15477667E-03  -0.52834518E-04    1.0000000
  12497.332        1.7119670        1.6960232       0.89308840        1.6949531      -0.34023302E-03  -0.75848355E-04    1.0000000
  12500.628        1.7105380        1.6943296       0.89201788        1.6932827      -0.64433230E-03  -0.12265371E-03    1.0000000
  12503.776        1.7078150        1.6927122       0.89099523        1.6916877      -0.11305988E-02  -0.11991249E-03    1.0000000
  12506.948        1.7033930        1.6910835       0.88996507        1.6900816      -0.14021385E-02  -0.20837573E-04    1.0000000
  12510.145        1.6988860        1.6894423       0.88892668        1.6884633      -0.12632952E-02   0.12272410E-04    1.0000000
  12513.343        1.6953140        1.6878009       0.88788772        1.6868448      -0.13236542E-02  -0.95228125E-04    1.0000000
  12516.509        1.6904620        1.6861767       0.88685939        1.6852435      -0.18693460E-02  -0.11681380E-03    1.0000000
  12519.686        1.6834570        1.6845474       0.88582737        1.6836372      -0.20645878E-02   0.24787063E-04    1.0000000
  12522.829        1.6774130        1.6829361       0.88480634        1.6820485      -0.17126821E-02   0.10833919E-03    1.0000000
  12525.986        1.6726670        1.6813184       0.88378093        1.6804537      -0.13820444E-02   0.11660028E-03    1.0000000
  12529.138        1.6686940        1.6797039       0.88275706        1.6788620      -0.97707778E-03   0.15797326E-03    1.0000000
  12532.289        1.6665080        1.6780904       0.88173336        1.6772712      -0.38626148E-03   0.14156996E-03    1.0000000
  12535.465        1.6662500        1.6764651       0.88070176        1.6756687      -0.81319355E-04   0.57197225E-04    1.0000000
  12538.647        1.6659910        1.6748375       0.87966821        1.6740639      -0.22621545E-04   0.11614060E-04    1.0000000
  12541.963        1.6661030        1.6731419       0.87859094        1.6723919      -0.58485202E-05  -0.22999867E-04    1.0000000
  12545.144        1.6659530        1.6715163       0.87755767        1.6707888      -0.17206019E-03  -0.59029233E-04    1.0000000
  12548.322        1.6650090        1.6698935       0.87652560        1.6691883      -0.38117055E-03  -0.69662922E-04    1.0000000
  12551.535        1.6635170        1.6682530       0.87548173        1.6675702      -0.61726478E-03  -0.89603665E-04    1.0000000
  12554.761        1.6610340        1.6666069       0.87443379        1.6659464      -0.95819127E-03  -0.12496621E-03    1.0000000
  12557.956        1.6573650        1.6649780       0.87339619        1.6643392      -0.14196016E-02  -0.10008923E-03    1.0000000
  12561.146        1.6519700        1.6633519       0.87235979        1.6627347      -0.15972500E-02   0.26493057E-05    1.0000000
  12564.327        1.6471890        1.6617320       0.87132671        1.6611359      -0.14027230E-02   0.98838220E-04    1.0000000
  12567.599        1.6429190        1.6600663       0.87026384        1.6594917      -0.95950135E-03   0.17348451E-03    1.0000000
  12570.850        1.6409300        1.6584122       0.86920779        1.6578587      -0.27105233E-03   0.19081629E-03    1.0000000
  12573.989        1.6411870        1.6568162       0.86818821        1.6562828       0.25979758E-03   0.12623196E-03    1.0000000
  12577.193        1.6425780        1.6551877       0.86714726        1.6546745       0.52968750E-03   0.80301469E-04    1.0000000
  12580.389        1.6445770        1.6535647       0.86610929        1.6530715       0.77372698E-03   0.90229292E-04    1.0000000
  12583.662        1.6475830        1.6519031       0.86504604        1.6514301       0.11133528E-02   0.79067022E-04    1.0000000
  12586.862        1.6517840        1.6502797       0.86400659        1.6498262       0.12855468E-02   0.15536956E-04    1.0000000
  12590.135        1.6559050        1.6486198       0.86294325        1.6481861       0.12139315E-02  -0.41288460E-04    1.0000000
  12593.330        1.6596360        1.6470009       0.86190552        1.6465861       0.10184831E-02  -0.85177809E-04    1.0000000
  12596.544        1.6624320        1.6453731       0.86086156        1.6449772       0.66806521E-03  -0.99284928E-04    1.0000000
  12599.761        1.6639320        1.6437448       0.85981669        1.6433676       0.38003040E-03  -0.89942031E-04    1.0000000
  12602.986        1.6648800        1.6421133       0.85876914        1.6417545       0.88695522E-04  -0.11809856E-03    1.0000000
  12606.187        1.6645020        1.6404944       0.85772918        1.6401538      -0.37892764E-03  -0.12533125E-03    1.0000000
  12609.409        1.6624460        1.6388662       0.85668263        1.6385436      -0.71635597E-03  -0.96209707E-04    1.0000000
  12612.684        1.6598480        1.6372121       0.85561884        1.6369076      -0.10039800E-02  -0.98646430E-04    1.0000000
  12615.919        1.6559100        1.6355789       0.85456796        1.6352921      -0.13585531E-02  -0.79488849E-04    1.0000000
  12619.127        1.6510940        1.6339601       0.85352576        1.6336906      -0.15161759E-02  -0.45402558E-04    1.0000000
  12622.353        1.6461550        1.6323336       0.85247802        1.6320813      -0.16506709E-02  -0.85415961E-04    1.0000000
  12625.645        1.6403360        1.6306745       0.85140873        1.6304396      -0.20728616E-02  -0.13450216E-03    1.0000000
  12628.871        1.6326450        1.6290497       0.85036092        1.6288316      -0.25272968E-02  -0.50770294E-04    1.0000000
  12632.098        1.6240270        1.6274248       0.84931255        1.6272234      -0.24004894E-02   0.10078912E-03    1.0000000
  12635.294        1.6172250        1.6258165       0.84827432        1.6256314      -0.18798587E-02   0.14885190E-03    1.0000000
  12638.558        1.6118830        1.6241750       0.84721413        1.6240064      -0.14388973E-02   0.13436799E-03    1.0000000
  12641.842        1.6078030        1.6225241       0.84614731        1.6223719      -0.10000077E-02   0.13313938E-03    1.0000000
  12645.080        1.6053610        1.6208975       0.84509561        1.6207613      -0.57056885E-03   0.11391525E-03    1.0000000
  12648.309        1.6041130        1.6192759       0.84404656        1.6191555      -0.26329151E-03   0.92277090E-04    1.0000000
  12651.559        1.6036550        1.6176448       0.84299087        1.6175401       0.27341477E-04   0.77975275E-04    1.0000000
  12654.856        1.6042920        1.6159911       0.84191995        1.6159022       0.24719936E-03   0.31566491E-04    1.0000000
  12658.048        1.6052590        1.6143909       0.84088315        1.6143171       0.23216665E-03  -0.26015324E-04    1.0000000
  12661.296        1.6057870        1.6127635       0.83982826        1.6127050       0.79677843E-04  -0.57073022E-04    1.0000000
  12664.549        1.6057770        1.6111340       0.83877137        1.6110906      -0.13887534E-03  -0.92300118E-04    1.0000000
  12667.856        1.6048760        1.6094789       0.83769743        1.6094508      -0.52579616E-03  -0.86262066E-04    1.0000000
  12671.113        1.6023260        1.6078493       0.83663939        1.6078360      -0.70504606E-03  -0.40195431E-05    1.0000000
  12674.403        1.6002600        1.6062041       0.83557074        1.6062058      -0.55211247E-03   0.46158729E-04    1.0000000
  12677.677        1.5987020        1.6045677       0.83450725        1.6045840      -0.40206570E-03   0.28125971E-04    1.0000000
  12681.031        1.5975950        1.6028920       0.83341768        1.6029233      -0.36568594E-03   0.12626324E-04    1.0000000
  12684.264        1.5962930        1.6012775       0.83236739        1.6013231      -0.31888827E-03   0.95749780E-05    1.0000000
  12687.516        1.5955270        1.5996547       0.83131115        1.5997145      -0.30359192E-03   0.17658937E-05    1.0000000
  12690.809        1.5943060        1.5980119       0.83024139        1.5980860      -0.30733055E-03   0.78490414E-05    1.0000000
  12694.082        1.5935090        1.5963801       0.82917824        1.5964683      -0.25205339E-03  -0.70613935E-05    1.0000000
  12697.344        1.5926590        1.5947549       0.82811884        1.5948570      -0.35347202E-03  -0.21027385E-04    1.0000000
  12700.558        1.5912200        1.5931538       0.82707472        1.5932696      -0.38822169E-03   0.23644432E-04    1.0000000
  12703.845        1.5901350        1.5915173       0.82600698        1.5916470      -0.19974917E-03   0.45654850E-04    1.0000000
  12707.096        1.5899140        1.5898995       0.82495092        1.5900429      -0.89721143E-04   0.21538981E-04    1.0000000
  12710.499        1.5895380        1.5882071       0.82384558        1.5883646      -0.56429861E-04   0.10237269E-04    1.0000000
  12713.777        1.5895370        1.5865775       0.82278078        1.5867486      -0.21327380E-04   0.51024781E-05    1.0000000
  12717.110        1.5893970        1.5849212       0.82169806        1.5851061      -0.22696255E-04   0.81814568E-05    1.0000000
  12720.474        1.5893850        1.5832505       0.82060535        1.5834491       0.33464982E-04   0.25995299E-04    1.0000000
  12723.893        1.5896240        1.5815532       0.81949467        1.5817657       0.15363531E-03   0.28266458E-04    1.0000000
  12727.165        1.5904130        1.5799297       0.81843186        1.5801556       0.22260066E-03  -0.18501117E-04    1.0000000
  12730.470        1.5910880        1.5782907       0.81735833        1.5785299       0.31957165E-04  -0.79193046E-04    1.0000000
  12733.799        1.5906250        1.5766405       0.81627697        1.5768931      -0.30275651E-03  -0.83916811E-04    1.0000000
  12737.221        1.5890440        1.5749448       0.81516530        1.5752111      -0.53459040E-03  -0.74878400E-04    1.0000000
  12740.541        1.5870210        1.5733009       0.81408710        1.5735805      -0.80755747E-03  -0.64107952E-04    1.0000000
  12743.799        1.5837320        1.5716879       0.81302862        1.5719805      -0.95628353E-03  -0.43106501E-05    1.0000000
  12747.159        1.5806920        1.5700255       0.81193727        1.5703314      -0.83608678E-03   0.19298378E-04    1.0000000
  12750.464        1.5781600        1.5683911       0.81086383        1.5687102      -0.82767181E-03  -0.33285860E-04    1.0000000
  12753.781        1.5752110        1.5667511       0.80978618        1.5670833      -0.10565121E-02  -0.54646404E-04    1.0000000
  12757.039        1.5712130        1.5651413       0.80872794        1.5654864      -0.11869943E-02  -0.15788281E-04    1.0000000
  12760.336        1.5674310        1.5635132       0.80765713        1.5638713      -0.11599943E-02   0.41350042E-05    1.0000000
  12763.634        1.5635630        1.5618848       0.80658573        1.5622559      -0.11597246E-02   0.38887607E-05    1.0000000
  12767.071        1.5596200        1.5601888       0.80546932        1.5605735      -0.11338026E-02  -0.12105020E-05    1.0000000
  12770.383        1.5559110        1.5585551       0.80439347        1.5589529      -0.11678942E-02   0.28682853E-05    1.0000000
  12773.717        1.5518580        1.5569113       0.80331046        1.5573222      -0.11147396E-02   0.24368517E-04    1.0000000
  12777.025        1.5485070        1.5552812       0.80223597        1.5557051      -0.10060407E-02   0.23511533E-04    1.0000000
  12780.451        1.5450830        1.5535933       0.80112295        1.5540307      -0.95640540E-03  -0.49266782E-05    1.0000000
  12783.819        1.5420090        1.5519350       0.80002902        1.5523858      -0.10395135E-02  -0.34492192E-05    1.0000000
  12787.132        1.5381380        1.5503043       0.79895276        1.5507682      -0.97944967E-03   0.63193252E-04    1.0000000
  12790.445        1.5355190        1.5486745       0.79787664        1.5491516      -0.62078426E-03   0.94744396E-04    1.0000000
  12793.832        1.5339790        1.5470090       0.79677653        1.5474996      -0.34470106E-03   0.54252398E-04    1.0000000
  12797.150        1.5332080        1.5453782       0.79569886        1.5458820      -0.25705665E-03   0.15347694E-04    1.0000000
  12800.480        1.5322700        1.5437417       0.79461695        1.5442588      -0.24266437E-03   0.18870052E-04    1.0000000
  12803.792        1.5315960        1.5421150       0.79354105        1.5426453      -0.13170440E-03   0.25953601E-04    1.0000000
  12807.109        1.5313970        1.5404869       0.79246382        1.5410306      -0.70631445E-04   0.23883731E-04    1.0000000
  12810.588        1.5311160        1.5387795       0.79133355        1.5393371       0.30605608E-04   0.80445258E-05    1.0000000
  12813.905        1.5316050        1.5371528       0.79025623        1.5377237      -0.15959721E-04  -0.29778947E-04    1.0000000
  12817.230        1.5310100        1.5355227       0.78917613        1.5361068      -0.16717782E-03  -0.23504013E-04    1.0000000
  12820.628        1.5304810        1.5338574       0.78807228        1.5344551      -0.17398613E-03   0.10256345E-04    1.0000000
  12824.035        1.5298260        1.5321887       0.78696561        1.5328000      -0.97381952E-04   0.12344834E-05    1.0000000
  12827.375        1.5298240        1.5305537       0.78588077        1.5311782      -0.16565753E-03  -0.37059602E-04    1.0000000
  12830.772        1.5287100        1.5288914       0.78477730        1.5295294      -0.34704471E-03  -0.26527772E-04    1.0000000
  12834.123        1.5274820        1.5272523       0.78368869        1.5279034      -0.34467781E-03   0.37053803E-05    1.0000000
  12837.564        1.5263690        1.5255703       0.78257111        1.5262350      -0.32187832E-03  -0.52235050E-05    1.0000000
  12840.930        1.5252910        1.5239254       0.78147760        1.5246032      -0.38023379E-03  -0.63944799E-05    1.0000000
  12844.286        1.5238130        1.5222865       0.78038754        1.5229774      -0.36486317E-03   0.32569860E-04    1.0000000
  12847.623        1.5228490        1.5206575       0.77930354        1.5213612      -0.16224632E-03   0.63464491E-04    1.0000000
  12851.004        1.5227230        1.5190079       0.77820528        1.5197246       0.61502706E-04   0.57646754E-04    1.0000000
  12854.387        1.5232650        1.5173583       0.77710641        1.5180878       0.22767229E-03   0.24620110E-04    1.0000000
  12857.733        1.5242550        1.5157274       0.77601951        1.5164696       0.22717069E-03  -0.34270859E-04    1.0000000
  12861.091        1.5247880        1.5140914       0.77492868        1.5148462      -0.20867460E-05  -0.44524792E-04    1.0000000
  12864.442        1.5242410        1.5124599       0.77384022        1.5132271      -0.71546586E-04  -0.87805713E-05    1.0000000
  12867.870        1.5243030        1.5107917       0.77272672        1.5115716      -0.61608483E-04  -0.37629479E-04    1.0000000
  12871.227        1.5238230        1.5091590       0.77163632        1.5099510      -0.32685432E-03  -0.81321042E-04    1.0000000
  12874.586        1.5221080        1.5075263       0.77054532        1.5083304      -0.60772238E-03  -0.76570817E-04    1.0000000
  12877.985        1.5197160        1.5058747       0.76944111        1.5066909      -0.84432143E-03  -0.75741866E-04    1.0000000
  12881.382        1.5163700        1.5042252       0.76833778        1.5050534      -0.11224633E-02  -0.10222755E-03    1.0000000
  12884.803        1.5120630        1.5025648       0.76722641        1.5034047      -0.15413130E-02  -0.78477693E-04    1.0000000
  12888.110        1.5060000        1.5009608       0.76615231        1.5018121      -0.16504636E-02   0.72988209E-05    1.0000000
  12891.479        1.5010450        1.4993275       0.76505794        1.5001901      -0.14925882E-02   0.60531443E-04    1.0000000
  12894.850        1.4959400        1.4976943       0.76396297        1.4985680      -0.12424835E-02   0.90388705E-04    1.0000000
  12898.355        1.4925010        1.4959967       0.76282423        1.4968818      -0.87102580E-03   0.88994748E-04    1.0000000
  12901.678        1.4899920        1.4943884       0.76174480        1.4952842      -0.63476241E-03   0.63837568E-04    1.0000000
  12905.036        1.4882600        1.4927642       0.76065397        1.4936705      -0.44451168E-03   0.47351707E-04    1.0000000
  12908.421        1.4869950        1.4911283       0.75955472        1.4920450      -0.31550631E-03   0.11845928E-04    1.0000000
  12911.940        1.4860820        1.4894281       0.75841161        1.4903555      -0.36273699E-03  -0.39504703E-04    1.0000000
  12915.326        1.4844900        1.4877930       0.75731150        1.4887302      -0.58831907E-03  -0.57694120E-04    1.0000000
  12918.751        1.4820750        1.4861407       0.75619921        1.4870878      -0.75568760E-03  -0.36701284E-04    1.0000000
  12922.095        1.4793750        1.4845278       0.75511283        1.4854843      -0.83673795E-03  -0.15310891E-04    1.0000000
  12925.577        1.4763630        1.4828497       0.75398176        1.4838157      -0.86020755E-03  -0.17065283E-05    1.0000000
  12928.972        1.4734590        1.4812143       0.75287884        1.4821893      -0.84847445E-03   0.22400745E-04    1.0000000
  12932.336        1.4706280        1.4795951       0.75178617        1.4805788      -0.70879666E-03   0.24053344E-04    1.0000000
  12935.726        1.4686720        1.4779644       0.75068504        1.4789566      -0.68602538E-03  -0.43339637E-06    1.0000000
  12939.136        1.4659630        1.4763250       0.74957732        1.4773254      -0.71174377E-03   0.13590144E-04    1.0000000
  12942.566        1.4638040        1.4746774       0.74846335        1.4756858      -0.59307504E-03   0.41601038E-04    1.0000000
  12945.920        1.4619400        1.4730671       0.74737390        1.4740830      -0.42955187E-03   0.48445228E-04    1.0000000
  12949.319        1.4609030        1.4714358       0.74626960        1.4724591      -0.26589777E-03   0.31385294E-04    1.0000000
  12952.783        1.4601150        1.4697748       0.74514442        1.4708053      -0.21413765E-03   0.15600482E-04    1.0000000
  12956.333        1.4594010        1.4680736       0.74399118        1.4691110      -0.15647318E-03   0.11652455E-04    1.0000000
  12959.749        1.4590250        1.4664379       0.74288164        1.4674817      -0.13296607E-03   0.13096181E-04    1.0000000
  12963.162        1.4584930        1.4648046       0.74177298        1.4658545      -0.67041848E-04   0.33183680E-04    1.0000000
  12966.596        1.4585660        1.4631626       0.74065770        1.4642183       0.94225003E-04   0.28949713E-04    1.0000000
  12970.092        1.4591460        1.4614915       0.73952184        1.4625527       0.13358603E-03   0.16988559E-04    1.0000000
  12973.460        1.4594830        1.4598832       0.73842791        1.4609494       0.21084280E-03   0.27295363E-04    1.0000000
  12976.884        1.4605780        1.4582491       0.73731566        1.4593199       0.31897041E-03   0.13582262E-04    1.0000000
  12980.301        1.4616650        1.4566196       0.73620582        1.4576948       0.30375579E-03  -0.18711540E-04    1.0000000
  12983.785        1.4626740        1.4549594       0.73507425        1.4560386       0.18985554E-03  -0.34042368E-04    1.0000000
  12987.206        1.4629760        1.4533299       0.73396279        1.4544126       0.68684731E-04  -0.49047101E-04    1.0000000
  12990.627        1.4631440        1.4517018       0.73285148        1.4527876      -0.14576690E-03  -0.97527282E-04    1.0000000
  12994.114        1.4619690        1.4500435       0.73171877        1.4511321      -0.60506202E-03  -0.86968358E-04    1.0000000
  12997.552        1.4589540        1.4484098       0.73060206        1.4495007      -0.74801495E-03  -0.12503028E-04    1.0000000
  13004.178        1.4544410        1.4452643       0.72844970        1.4463586      -0.73089212E-03   0.20184700E-05    1.0000000
  13008.141        1.4512150        1.4433855       0.72716263        1.4444810      -0.72664252E-03   0.21573239E-04    1.0000000
  13012.199        1.4486130        1.4414630       0.72584441        1.4425590      -0.55786503E-03   0.67951515E-05    1.0000000
  13016.308        1.4466590        1.4395182       0.72450979        1.4406143      -0.67114754E-03  -0.45377072E-04    1.0000000
  13020.337        1.4431510        1.4376125       0.72320085        1.4387080      -0.92715725E-03  -0.26935928E-04    1.0000000
  13024.361        1.4391920        1.4357112       0.72189372        1.4368054      -0.88808008E-03   0.22361471E-04    1.0000000
  13028.398        1.4359920        1.4338054       0.72058233        1.4348976      -0.74689674E-03   0.31843006E-06    1.0000000
  13032.500        1.4331130        1.4318709       0.71924993        1.4329604      -0.88548837E-03  -0.37974936E-04    1.0000000
  13036.490        1.4288270        1.4299909       0.71795394        1.4310772      -0.10541740E-02  -0.37831399E-05    1.0000000
  13040.540        1.4246380        1.4280845       0.71663847        1.4291667      -0.91590281E-03   0.48478773E-04    1.0000000
  13044.786        1.4212290        1.4260876       0.71525927        1.4271648      -0.65201152E-03   0.79968297E-04    1.0000000
  13048.813        1.4192440        1.4241955       0.71395120        1.4252672      -0.25433629E-03   0.98927754E-04    1.0000000
  13052.901        1.4191650        1.4222764       0.71262320        1.4233419       0.15081095E-03   0.63222479E-04    1.0000000
  13056.915        1.4204660        1.4203937       0.71131915        1.4214522       0.25794661E-03  -0.69060845E-05    1.0000000
  13061.054        1.4212680        1.4184549       0.70997491        1.4195055       0.94506678E-04  -0.51352026E-04    1.0000000
  13065.127        1.4212420        1.4165486       0.70865195        1.4175906      -0.16370796E-03  -0.84125251E-04    1.0000000
  13069.190        1.4199360        1.4146484       0.70733195        1.4156812      -0.58997338E-03  -0.96868419E-04    1.0000000
  13073.320        1.4164080        1.4127190       0.70599043        1.4137416      -0.95740807E-03  -0.87717670E-04    1.0000000
  13077.401        1.4120750        1.4108144       0.70466487        1.4118263      -0.13101977E-02  -0.67356601E-04    1.0000000
  13081.426        1.4057870        1.4089373       0.70335722        1.4099379      -0.15034283E-02   0.13258197E-04    1.0000000
  13085.530        1.3998530        1.4070255       0.70202419        1.4080139      -0.12024163E-02   0.85300531E-04    1.0000000
  13089.639        1.3959120        1.4051131       0.70068952        1.4060886      -0.80288659E-03   0.86876417E-04    1.0000000
  13093.728        1.3932710        1.4032116       0.69936126        1.4041737      -0.49021036E-03   0.63121207E-04    1.0000000
  13097.874        1.3918750        1.4012853       0.69801446        1.4022332      -0.28306830E-03   0.38154607E-04    1.0000000
  13101.974        1.3909370        1.3993825       0.69668292        1.4003158      -0.17561190E-03   0.41551040E-05    1.0000000
  13106.074        1.3904350        1.3974807       0.69535089        1.3983987      -0.24899686E-03  -0.30606228E-04    1.0000000
  13110.150        1.3889010        1.3955919       0.69402685        1.3964942      -0.42587321E-03  -0.25418065E-04    1.0000000
  13114.241        1.3869570        1.3936980       0.69269809        1.3945840      -0.45657984E-03   0.21913194E-05    1.0000000
  13118.359        1.3851530        1.3917929       0.69136037        1.3926621      -0.40788497E-03   0.23465177E-04    1.0000000
  13122.528        1.3835770        1.3898663       0.69000634        1.3907178      -0.26213213E-03   0.48027029E-04    1.0000000
  13126.576        1.3829990        1.3879965       0.68869116        1.3888304      -0.13235829E-04   0.46568789E-04    1.0000000
  13130.687        1.3834690        1.3860996       0.68735583        1.3869152       0.11785382E-03   0.28677885E-04    1.0000000
  13134.799        1.3839680        1.3842041       0.68602040        1.3850009       0.22255518E-03   0.32354750E-04    1.0000000
  13138.910        1.3852990        1.3823099       0.68468486        1.3830876       0.38389657E-03   0.13828892E-04    1.0000000
  13143.103        1.3871560        1.3803798       0.68332291        1.3811376       0.33739472E-03  -0.31568885E-04    1.0000000
  13147.289        1.3881260        1.3784544       0.68196314        1.3791918       0.11938373E-03  -0.53220072E-04    1.0000000
  13151.412        1.3881480        1.3765594       0.68062378        1.3772764      -0.10482895E-03  -0.75327362E-04    1.0000000
  13155.502        1.3872650        1.3746810       0.67929519        1.3753774      -0.49930852E-03  -0.82637263E-04    1.0000000
  13159.597        1.3840610        1.3728016       0.67796495        1.3734772      -0.78124139E-03  -0.37189116E-04    1.0000000
  13163.673        1.3808820        1.3709329       0.67664122        1.3715873      -0.80315587E-03  -0.20267457E-04    1.0000000
  13167.844        1.3774380        1.3690216       0.67528633        1.3696541      -0.94837130E-03  -0.22944423E-04    1.0000000
  13171.919        1.3730610        1.3671553       0.67396242        1.3677662      -0.99237325E-03   0.18254464E-04    1.0000000
  13176.107        1.3692380        1.3652393       0.67260225        1.3658277      -0.79753430E-03   0.36009373E-04    1.0000000
  13180.196        1.3664600        1.3633694       0.67127388        1.3639357      -0.69433231E-03   0.74658849E-05    1.0000000
  13184.343        1.3635190        1.3614744       0.66992673        1.3620179      -0.73604012E-03   0.49032456E-05    1.0000000
  13188.515        1.3603370        1.3595695       0.66857168        1.3600901      -0.65354300E-03   0.23808095E-04    1.0000000
  13192.675        1.3580740        1.3576713       0.66722041        1.3581688      -0.53768274E-03   0.21409299E-04    1.0000000
  13196.970        1.3557910        1.3557129       0.66582531        1.3561863      -0.47253165E-03   0.12151552E-04    1.0000000
  13201.112        1.3540870        1.3538251       0.66447965        1.3542753      -0.43515366E-03  -0.50759544E-05    1.0000000
  13205.254        1.3521860        1.3519390       0.66313428        1.3523657      -0.51458304E-03  -0.27705126E-04    1.0000000
  13209.475        1.3497840        1.3500182       0.66176338        1.3504211      -0.66682697E-03  -0.29939506E-04    1.0000000
  13213.780        1.3465010        1.3480602       0.66036495        1.3484386      -0.76983080E-03  -0.16035357E-04    1.0000000
  13217.897        1.3433000        1.3461887       0.65902746        1.3465436      -0.80188685E-03   0.16890583E-04    1.0000000
  13222.081        1.3398440        1.3442880       0.65766832        1.3446191      -0.62961076E-03   0.48752791E-04    1.0000000
  13226.296        1.3380120        1.3423746       0.65629927        1.3426817      -0.39241995E-03   0.27377228E-04    1.0000000
  13230.488        1.3365450        1.3404726       0.65493754        1.3407559      -0.39945560E-03  -0.29931549E-05    1.0000000
  13234.665        1.3346690        1.3385786       0.65358080        1.3388382      -0.41746934E-03   0.23197075E-05    1.0000000
  13238.846        1.3330560        1.3366840       0.65222278        1.3369198      -0.38006865E-03  -0.44679006E-07    1.0000000
  13243.271        1.3313980        1.3346794       0.65078521        1.3348903      -0.41785386E-03  -0.17211245E-04    1.0000000
  13247.444        1.3294630        1.3327904       0.64942966        1.3329778      -0.52806298E-03  -0.20658352E-04    1.0000000
  13251.640        1.3269790        1.3308923       0.64806693        1.3310562      -0.59072956E-03  -0.14631147E-04    1.0000000
  13255.842        1.3245020        1.3289917       0.64670171        1.3291323      -0.65093667E-03  -0.63583684E-05    1.0000000
  13260.172        1.3214250        1.3270350       0.64529537        1.3271517      -0.64498119E-03   0.21801380E-04    1.0000000
  13264.368        1.3190030        1.3251393       0.64393227        1.3252331      -0.46506181E-03   0.42686309E-04    1.0000000
  13268.541        1.3175330        1.3232555       0.64257694        1.3233266      -0.28774887E-03   0.36496990E-04    1.0000000
  13272.692        1.3166080        1.3213822       0.64122863        1.3214311      -0.16128897E-03   0.23128881E-04    1.0000000
  13276.911        1.3161830        1.3194790       0.63985809        1.3195055      -0.94158510E-04  -0.15872108E-05    1.0000000
  13281.156        1.3158110        1.3175649       0.63847913        1.3175692      -0.17472384E-03  -0.21832317E-04    1.0000000
  13285.313        1.3147150        1.3156917       0.63712893        1.3156745      -0.27758993E-03  -0.18249984E-04    1.0000000
  13289.762        1.3134220        1.3136873       0.63568357        1.3136474      -0.33178722E-03  -0.14073329E-04    1.0000000
  13293.999        1.3118330        1.3117796       0.63430736        1.3117185      -0.39983494E-03  -0.73653584E-05    1.0000000
  13298.196        1.3100500        1.3098907       0.63294412        1.3098090      -0.39390282E-03   0.15274974E-04    1.0000000
  13302.417        1.3085170        1.3079915       0.63157284        1.3078894      -0.27124533E-03   0.28745480E-04    1.0000000
  13306.819        1.3077110        1.3060120       0.63014305        1.3058890      -0.14602509E-03   0.18277609E-04    1.0000000
  13311.025        1.3072600        1.3041210       0.62877667        1.3039786      -0.11390966E-03   0.19295641E-05    1.0000000
  13315.255        1.3067500        1.3022201       0.62740262        1.3020586      -0.12974630E-03  -0.14587512E-04    1.0000000
  13319.573        1.3061510        1.3002807       0.62600020        1.3001002      -0.23859569E-03  -0.21350279E-04    1.0000000
  13323.881        1.3046920        1.2983462       0.62460081        1.2981472      -0.31390249E-03  -0.17861997E-04    1.0000000
  13328.187        1.3034470        1.2964133       0.62320207        1.2961963      -0.39246144E-03  -0.22770762E-04    1.0000000
  13332.366        1.3013620        1.2945380       0.62184466        1.2943042      -0.50711035E-03  -0.33186728E-04    1.0000000
  13336.791        1.2990840        1.2925531       0.62040735        1.2923020      -0.67798843E-03  -0.38865335E-04    1.0000000
  13341.019        1.2954950        1.2906567       0.61903373        1.2903897      -0.84343309E-03  -0.15732202E-04    1.0000000
  13345.262        1.2919390        1.2887546       0.61765561        1.2884723      -0.81126110E-03   0.15791721E-04    1.0000000
  13349.512        1.2886050        1.2868497       0.61627497        1.2865526      -0.70931479E-03   0.28735860E-04    1.0000000
  13353.928        1.2857920        1.2848711       0.61484060        1.2845594      -0.56223298E-03   0.30434289E-04    1.0000000
  13358.187        1.2837280        1.2829634       0.61345728        1.2826383      -0.44531742E-03   0.20144606E-04    1.0000000
  13362.446        1.2819990        1.2810561       0.61207385        1.2807183      -0.39065089E-03   0.99342519E-06    1.0000000
  13366.785        1.2803690        1.2791132       0.61066424        1.2787631      -0.43677548E-03  -0.21299026E-04    1.0000000
  13371.109        1.2782150        1.2771779       0.60925969        1.2768162      -0.57517480E-03  -0.34514712E-04    1.0000000
  13375.341        1.2754480        1.2752844       0.60788511        1.2749120      -0.73207162E-03  -0.13677671E-04    1.0000000
  13379.652        1.2719610        1.2733560       0.60648471        1.2729732      -0.69202150E-03   0.19106861E-04    1.0000000
  13383.982        1.2694680        1.2714198       0.60507814        1.2710272      -0.56696254E-03   0.10028944E-04    1.0000000
  13388.231        1.2670970        1.2695207       0.60369798        1.2691188      -0.60598269E-03  -0.84345650E-06    1.0000000
  13392.538        1.2642830        1.2675962       0.60229878        1.2671853      -0.57417945E-03   0.12442881E-04    1.0000000
  13396.789        1.2621830        1.2656978       0.60091799        1.2652784      -0.49949278E-03   0.11812797E-04    1.0000000
  13401.085        1.2600140        1.2637801       0.59952257        1.2633525      -0.47321937E-03   0.11318847E-04    1.0000000
  13405.375        1.2581200        1.2618660       0.59812904        1.2614305      -0.40231064E-03   0.11677965E-04    1.0000000
  13409.668        1.2565610        1.2599516       0.59673458        1.2595083      -0.37298833E-03   0.19568622E-06    1.0000000
  13413.963        1.2549170        1.2580375       0.59533960        1.2575866      -0.40063020E-03  -0.22955019E-05    1.0000000
  13418.402        1.2530620        1.2560599       0.59389760        1.2556015      -0.39303665E-03  -0.31147728E-06    1.0000000
  13422.641        1.2515060        1.2541726       0.59252053        1.2537069      -0.40333338E-03   0.73479837E-06    1.0000000
  13426.948        1.2496150        1.2522562       0.59112152        1.2517833      -0.38675686E-03   0.99563810E-05    1.0000000
  13431.334        1.2481440        1.2503060       0.58969685        1.2498256      -0.31678455E-03  -0.35939075E-05    1.0000000
  13435.695        1.2468440        1.2483680       0.58828014        1.2478802      -0.41819374E-03  -0.22169341E-04    1.0000000
  13440.000        1.2445200        1.2464566       0.58688193        1.2459613      -0.50890051E-03  -0.74643271E-05    1.0000000
  13444.275        1.2424780        1.2445596       0.58549333        1.2440569      -0.48223229E-03   0.96356757E-05    1.0000000
  13448.774        1.2402890        1.2425647       0.58403194        1.2420539      -0.42435922E-03   0.16022442E-04    1.0000000
  13453.107        1.2387300        1.2406448       0.58262439        1.2401259      -0.34071984E-03   0.18053495E-04    1.0000000
  13457.414        1.2373450        1.2387378       0.58122524        1.2382107      -0.26836745E-03   0.14055656E-04    1.0000000
  13461.725        1.2364170        1.2368305       0.57982475        1.2362948      -0.21957724E-03  -0.28677895E-05    1.0000000
  13466.163        1.2354240        1.2348693       0.57838343        1.2343243      -0.29345668E-03  -0.85784329E-05    1.0000000
  13470.514        1.2338380        1.2329477       0.57697004        1.2323933      -0.29496751E-03   0.91860350E-05    1.0000000
  13474.808        1.2328740        1.2310532       0.57557527        1.2304889      -0.21404322E-03   0.16789025E-05    1.0000000
  13479.171        1.2319850        1.2291297       0.57415794        1.2285549      -0.28043303E-03  -0.18275862E-04    1.0000000
  13483.491        1.2304390        1.2272273       0.57275477        1.2266415      -0.37273253E-03  -0.19986435E-04    1.0000000
  13487.845        1.2287520        1.2253115       0.57134044        1.2247141      -0.45379097E-03  -0.21409569E-04    1.0000000
  13492.184        1.2264940        1.2234042       0.56993088        1.2227944      -0.55885513E-03  -0.79034361E-05    1.0000000
  13496.827        1.2237320        1.2213654       0.56842261        1.2207416      -0.52478477E-03   0.10100176E-04    1.0000000
  13505.973        1.2192580        1.2173565       0.56545196        1.2167027      -0.41958875E-03   0.10766928E-04    1.0000000
  13512.109        1.2173200        1.2146718       0.56345868        1.2139956      -0.36024856E-03   0.27622680E-05    1.0000000
  13518.092        1.2148920        1.2120583       0.56151522        1.2113585      -0.38611169E-03  -0.38741478E-05    1.0000000
  13524.064        1.2127040        1.2094538       0.55957531        1.2087286      -0.40656435E-03  -0.63299002E-05    1.0000000
  13530.230        1.2099570        1.2067691       0.55757233        1.2060157      -0.46294592E-03  -0.62914053E-05    1.0000000
  13536.286        1.2070460        1.2041373       0.55560532        1.2033538      -0.48345620E-03  -0.18760833E-05    1.0000000
  13542.320        1.2041120        1.2015193       0.55364513        1.2007036      -0.48562782E-03  -0.64894185E-05    1.0000000
  13548.515        1.2011070        1.1988367       0.55163281        1.1979853      -0.56281874E-03  -0.49259753E-05    1.0000000
  13554.585        1.1972090        1.1962132       0.54966108        1.1953243      -0.54604515E-03   0.49485909E-05    1.0000000
  13560.762        1.1944200        1.1935492       0.54765486        1.1926192      -0.50221711E-03  -0.12966494E-05    1.0000000
  13566.797        1.1910760        1.1909510       0.54569430        1.1899781      -0.56187964E-03  -0.25618241E-05    1.0000000
  13572.905        1.1875970        1.1883272       0.54371040        1.1873079      -0.53332577E-03  -0.99342684E-06    1.0000000
  13579.144        1.1844910        1.1856526       0.54168361        1.1845825      -0.57414553E-03  -0.75107200E-05    1.0000000
  13585.238        1.1805160        1.1830463       0.53970424        1.1819233      -0.62595631E-03   0.23687683E-05    1.0000000
  13591.287        1.1768900        1.1804646       0.53773920        1.1792858      -0.54538153E-03   0.45942403E-05    1.0000000
  13597.539        1.1738070        1.1778026       0.53570835        1.1765624      -0.56944036E-03   0.21403437E-05    1.0000000
  13603.721        1.1698100        1.1751771       0.53370050        1.1738724      -0.51877008E-03   0.13726977E-04    1.0000000
  13609.886        1.1674020        1.1725647       0.53169783        1.1711918      -0.39996010E-03   0.11027024E-04    1.0000000
  13615.952        1.1649180        1.1700008       0.52972744        1.1685568      -0.38389613E-03   0.88031061E-05    1.0000000
  13622.030        1.1627400        1.1674382       0.52775313        1.1659189      -0.29305597E-03   0.17947482E-04    1.0000000
  13628.379        1.1612760        1.1647681       0.52569056        1.1631658      -0.16085092E-03   0.15273721E-04    1.0000000
  13634.532        1.1607290        1.1621879       0.52369202        1.1605005      -0.10209995E-03   0.34331171E-05    1.0000000
  13640.701        1.1600180        1.1596080       0.52168825        1.1578308      -0.11855059E-03  -0.42968457E-05    1.0000000
  13646.949        1.1592570        1.1570023       0.51965873        1.1551293      -0.15545233E-03  -0.88986236E-05    1.0000000
  13653.090        1.1580920        1.1544482       0.51766372        1.1524762      -0.22880142E-03  -0.21965249E-04    1.0000000
  13659.287        1.1564340        1.1518789       0.51565091        1.1498019      -0.42646418E-03  -0.32454697E-04    1.0000000
  13665.396        1.1528440        1.1493532       0.51366642        1.1471677      -0.62818374E-03  -0.14252032E-04    1.0000000
  13671.519        1.1487500        1.1468296       0.51167756        1.1445302      -0.60079632E-03   0.52093962E-05    1.0000000
  13677.901        1.1453310        1.1442072       0.50960440        1.1417834      -0.56303987E-03   0.81605746E-05    1.0000000
  13684.047        1.1416960        1.1416901       0.50760795        1.1391408      -0.49855721E-03   0.14431298E-04    1.0000000
  13690.325        1.1391370        1.1391273       0.50556876        1.1364441      -0.38374759E-03   0.11108899E-04    1.0000000
  13696.550        1.1368980        1.1365945       0.50354660        1.1337725      -0.35966254E-03   0.38689113E-05    1.0000000
